# time temp_core_1 temp_core_2 ... 
0.024829 480 43 44 45 43 46 45 45 41 42 42 43 44 44 44 43 44 45 44 46 46 46 49 44 45 44 45 45 44 46 46 47 46 
1.000321 482 43 44 45 43 46 45 45 41 42 42 43 44 44 44 43 44 45 44 46 46 46 49 44 45 44 45 45 44 46 46 47 46 
2.000520 482 43 44 45 43 46 45 45 41 42 42 43 45 44 45 43 43 45 44 46 46 46 49 44 45 45 45 44 44 46 46 47 46 
3.000716 482 43 44 45 43 46 45 45 41 42 42 43 45 44 45 43 43 45 44 46 46 46 49 44 46 45 45 44 44 46 46 47 46 
4.000942 482 43 43 45 43 45 45 46 42 45 42 43 45 44 45 43 43 45 44 46 46 46 49 44 46 45 45 48 47 49 46 47 47 
5.001055 486 43 43 45 43 45 45 46 42 45 42 44 50 50 46 44 44 50 46 51 48 46 49 44 46 45 46 48 47 49 46 47 47 
6.001168 486 48 50 46 46 46 45 45 42 43 43 44 50 50 46 44 44 50 46 51 48 46 49 44 46 45 46 46 50 51 48 48 48 
7.001278 484 48 50 46 46 46 45 45 42 43 43 44 50 50 46 44 44 51 47 52 48 47 49 44 46 46 47 46 50 51 48 48 48 
8.001393 484 50 50 47 44 47 45 45 42 44 45 44 50 50 46 44 44 51 47 52 48 47 49 44 46 46 47 46 50 52 48 48 47 
9.001503 504 50 50 47 44 47 45 45 42 44 45 45 50 50 47 44 45 51 47 51 50 47 49 45 47 46 47 46 50 52 48 48 47 
10.001617 504 50 50 47 44 46 45 47 42 44 43 45 50 50 47 44 45 51 47 51 50 47 49 45 47 46 47 47 50 52 48 49 47 
11.001732 524 50 50 47 44 46 45 47 42 44 43 45 51 51 46 44 45 51 47 52 49 47 49 45 47 46 47 47 50 52 48 49 47 
12.001842 524 49 50 47 45 46 45 46 42 43 44 45 51 51 46 44 45 51 47 52 49 47 49 45 47 46 47 47 50 52 48 49 48 
13.001954 538 49 50 47 45 46 45 46 42 43 44 44 50 51 46 45 44 51 48 53 50 47 50 45 47 46 47 47 50 52 48 49 48 
14.002068 538 50 50 47 45 47 46 47 42 44 44 44 50 51 46 45 44 51 48 53 50 47 50 45 47 46 47 47 50 52 49 49 48 
15.002177 538 50 50 47 45 47 46 47 42 44 44 45 51 51 47 45 45 51 47 52 50 47 49 45 46 46 47 47 51 52 48 49 48 
16.002293 538 50 51 47 45 46 46 46 42 44 43 45 51 51 47 45 45 51 47 52 48 47 50 45 47 46 47 47 51 53 49 49 48 
17.002402 540 50 51 47 45 46 46 46 42 44 43 45 51 51 47 45 45 51 47 52 48 47 50 45 47 46 47 47 51 53 49 49 48 
18.002515 540 50 51 47 47 46 46 46 42 44 43 45 51 51 46 44 45 52 47 52 49 47 50 45 47 47 48 47 50 53 49 48 49 
19.002624 542 50 51 47 47 46 46 46 42 44 43 45 51 51 46 44 45 52 47 52 49 47 50 45 47 47 48 47 50 53 49 48 49 
20.002738 542 50 51 48 46 46 47 47 43 44 44 45 51 51 47 44 45 52 47 52 50 47 50 45 47 47 47 47 51 53 49 49 48 
21.002849 542 50 51 48 46 46 47 47 43 44 44 45 51 51 47 44 45 52 47 52 50 47 50 45 47 47 47 47 51 53 49 49 48 
22.002960 542 50 51 47 46 46 46 47 43 44 44 45 51 50 47 44 45 52 47 52 50 47 50 45 47 47 47 48 50 53 49 49 48 
23.003071 544 50 51 47 46 46 46 47 43 44 44 45 51 50 47 44 45 52 47 52 50 47 50 45 47 47 47 48 50 53 49 49 48 
24.003180 544 50 51 47 46 46 46 46 42 44 44 45 51 51 47 45 45 52 47 52 49 47 50 45 47 47 48 48 51 53 49 49 48 
25.003292 542 50 51 47 46 46 46 46 42 44 44 45 51 51 47 45 45 52 47 52 49 47 50 45 47 47 48 48 51 53 49 49 48 
26.003405 542 50 51 47 46 47 46 47 43 44 43 45 51 50 47 45 45 52 47 53 49 47 50 46 47 47 48 48 51 53 49 49 48 
27.003515 544 50 51 47 46 47 46 47 43 44 43 45 51 50 47 45 45 52 47 53 49 47 50 46 47 47 48 48 51 53 49 49 48 
28.003626 544 50 51 47 47 47 46 46 42 44 44 45 51 51 47 45 45 52 48 52 49 47 50 46 47 47 48 48 51 53 49 49 49 
29.003739 544 50 51 47 47 47 46 46 42 44 44 45 51 51 47 45 45 52 48 52 49 47 50 46 47 47 48 48 51 53 49 49 49 
30.003849 544 50 51 47 47 47 46 46 43 44 44 45 52 51 46 45 45 52 48 53 49 47 50 45 48 47 48 48 51 53 49 50 48 
31.003998 544 46 48 47 45 46 46 46 42 44 44 45 47 47 46 45 45 51 47 49 48 47 50 45 47 47 47 47 46 48 48 49 48 
32.004160 544 46 48 47 45 46 46 46 42 44 44 45 47 47 46 45 45 51 47 49 48 47 50 45 47 47 47 47 46 48 48 49 48 
33.004360 544 43 45 46 44 46 46 47 42 44 43 44 46 46 46 44 45 46 46 47 48 47 51 45 47 46 46 46 45 48 47 48 47 
34.004558 544 43 45 46 44 46 46 47 42 44 43 44 46 46 46 44 45 46 46 47 48 47 51 45 47 46 46 46 45 48 47 48 47 
35.004757 532 43 44 46 44 46 45 46 42 43 43 44 46 45 46 44 44 46 45 47 47 47 49 45 47 46 46 46 45 47 47 48 48 
36.004909 532 43 44 46 44 46 45 46 42 43 43 44 46 45 46 44 44 46 45 47 47 47 49 45 47 46 46 46 45 47 47 48 48 
