# time temp_core_1 temp_core_2 ... 
0.020828 478 43 45 45 43 46 45 46 42 44 43 43 45 45 45 44 44 46 46 46 47 47 50 45 46 46 46 45 45 47 47 47 47 
1.000322 478 43 45 45 44 46 46 45 41 43 43 43 45 45 45 43 44 46 45 47 46 47 49 44 47 45 46 46 45 47 47 48 47 
2.000461 478 43 45 45 44 46 46 45 41 43 43 43 45 45 45 43 44 46 45 47 46 47 49 44 47 45 46 46 45 47 47 48 47 
3.000659 478 43 45 45 43 46 46 46 41 43 42 43 45 45 46 44 44 46 45 46 46 46 50 45 46 46 46 45 45 46 47 48 47 
4.000772 478 43 45 45 43 46 46 46 41 43 42 43 45 45 46 44 44 46 45 46 46 46 50 45 46 46 46 45 45 46 47 48 47 
5.000832 480 47 50 51 48 51 51 51 47 48 48 49 50 51 51 48 49 51 50 51 51 51 55 50 52 50 50 50 50 52 52 53 52 
6.000888 480 47 50 51 48 51 51 51 47 48 48 49 50 51 51 48 49 51 50 51 51 51 55 50 52 50 50 50 50 52 52 53 52 
7.000944 494 49 51 52 49 52 52 52 48 49 49 49 51 52 51 49 51 52 50 52 52 52 56 51 52 51 51 51 51 52 53 54 53 
8.001001 494 49 51 52 49 52 52 52 48 49 49 49 51 52 51 49 51 52 50 52 52 52 56 51 52 51 51 51 51 52 53 54 53 
9.001057 540 50 51 52 49 52 53 53 48 50 49 50 51 52 52 50 51 52 51 52 52 53 56 51 53 51 52 51 51 53 53 54 53 
10.001113 540 50 51 52 49 52 53 53 48 50 49 50 51 52 52 50 51 52 51 52 52 53 56 51 53 51 52 51 51 53 53 54 53 
11.001169 590 50 52 52 50 53 53 53 49 50 49 50 51 52 52 51 51 53 51 52 52 53 56 52 54 52 52 52 52 54 54 55 54 
12.001224 590 50 51 52 51 53 53 54 49 50 50 50 52 52 52 51 51 53 51 53 52 53 56 52 54 52 52 52 52 54 54 55 54 
13.001280 632 50 52 52 50 53 54 53 49 50 49 50 52 52 52 51 51 53 51 53 53 54 56 52 53 52 52 52 52 54 55 55 54 
14.001336 632 50 52 52 50 53 54 53 49 50 49 50 52 52 52 51 51 53 51 53 53 54 56 52 53 52 52 52 52 54 55 55 54 
15.001392 636 50 52 53 51 53 53 54 50 51 50 51 52 52 53 51 52 53 52 53 53 54 56 52 54 52 52 53 52 54 54 55 54 
16.001448 636 51 52 53 51 53 53 53 49 50 50 50 52 53 53 51 52 53 52 53 53 54 56 53 54 52 52 53 52 54 55 55 54 
17.001504 636 51 52 53 51 53 54 53 50 50 50 51 53 53 52 52 51 53 52 53 53 54 57 53 54 52 53 52 52 54 54 55 55 
18.001560 636 51 52 53 51 53 54 53 50 50 50 51 53 53 52 52 51 53 52 53 53 54 57 53 54 52 53 52 52 54 54 55 55 
19.001616 638 51 52 53 51 54 54 53 50 51 50 51 52 53 53 52 52 53 52 53 53 54 57 53 54 53 53 53 53 54 55 56 54 
20.001672 638 51 52 53 51 54 54 53 50 51 50 51 52 53 53 52 52 53 52 53 53 54 57 53 54 53 53 53 53 54 55 56 54 
21.001728 640 51 52 53 51 54 54 54 50 50 51 51 53 53 53 52 52 54 53 53 53 55 57 53 55 53 53 52 53 54 54 55 55 
22.001784 640 51 52 53 51 54 54 54 50 51 51 51 53 53 53 52 52 54 53 53 53 54 57 53 54 53 53 53 53 55 55 56 55 
23.001840 640 51 52 53 51 54 54 54 50 51 51 51 53 53 53 52 52 54 53 53 53 54 57 53 54 53 53 53 53 55 55 56 55 
24.001896 640 51 52 54 52 54 54 54 49 52 50 51 53 53 53 52 53 54 53 54 54 54 57 53 55 53 53 53 53 55 55 56 55 
25.001952 638 51 52 54 52 54 54 54 49 52 50 51 53 53 53 52 53 54 53 54 54 54 57 53 55 53 53 53 53 55 55 56 55 
26.002152 638 47 48 48 47 49 49 49 45 46 46 46 49 48 48 47 48 50 48 49 50 50 53 48 50 49 49 49 48 50 51 51 51 
27.002349 638 47 48 48 47 49 49 49 45 46 46 46 49 48 48 47 48 50 48 49 50 50 53 48 50 49 49 49 48 50 51 51 51 
28.002539 638 45 47 47 46 48 49 48 44 46 45 45 48 47 48 46 46 48 47 48 48 49 52 47 49 48 49 48 47 50 50 50 49 
29.002736 604 45 47 47 46 48 49 48 44 46 45 45 48 47 48 46 46 48 47 48 48 49 52 47 49 48 49 48 47 50 50 50 49 
30.002925 604 45 47 47 46 48 48 47 43 46 45 45 47 47 47 45 46 48 47 48 48 48 52 47 49 48 48 48 47 49 49 50 48 
