0.027830 558 5.250000 5.600000 5.833333 1.050000 5.250000 7.000000 6.650000 7.000000 6.533333 7.000000 5.833333 5.600000 5.250000 5.600000 0.000000 7.000000 0.200000 5.600000 5.250000 5.600000 0.000000 7.000000 4.900000 5.600000 5.833333 7.000000 0.700000 5.833333 0.000000 4.900000 0.400000 4.200000 
0.133380 558 5.950000 6.427272 5.670000 0.254545 5.740000 7.000000 5.810000 6.860000 6.872727 7.000000 5.740000 6.020000 5.810000 6.236363 0.254545 6.860000 0.327273 6.236363 5.670000 6.109091 0.690909 7.000000 5.854545 6.109091 5.740000 7.000000 0.040000 6.183333 0.690909 6.236363 0.000000 6.020000 
0.240144 558 6.109091 6.172727 6.109091 0.000000 6.109091 7.000000 6.109091 7.000000 6.809091 7.000000 6.125000 6.300000 6.109091 6.363636 0.040000 6.860000 0.036364 6.416667 6.183334 6.300000 0.000000 7.000000 5.918181 6.300000 6.125000 7.000000 0.400000 6.230000 0.000000 6.300000 0.254545 6.300000 
0.346028 558 5.727273 5.790909 5.530000 1.145455 5.599999 7.000000 5.460000 6.860000 6.230000 7.000000 5.600000 5.775000 5.727273 5.790909 1.745455 6.872727 0.000000 5.670000 5.460000 5.833333 0.763636 7.000000 5.727273 5.599999 5.670000 7.000000 0.672727 5.599999 0.872727 5.790909 0.836364 5.727273 
0.454502 558 5.663636 6.045455 5.727273 0.000000 5.663636 7.000000 5.600000 6.872727 6.363636 7.000000 5.727273 5.854546 5.530000 5.981819 0.000000 6.681818 0.145455 5.981819 5.727273 5.854546 0.000000 7.000000 5.530000 5.740000 5.600000 7.000000 0.070000 5.854546 0.000000 5.981818 0.036364 5.670000 
0.579829 558 6.138462 6.066667 6.008334 0.233333 5.953846 7.000000 6.085714 6.730770 6.700000 7.000000 5.918182 6.125000 6.050000 5.918181 0.915385 6.883334 0.492308 6.084616 6.030769 5.918182 0.033333 7.000000 6.030770 6.084616 5.670000 7.000000 0.750000 6.008334 0.000000 6.138462 0.000000 6.008334 
0.703585 558 5.653847 5.663636 5.815385 0.000000 5.653847 6.533333 6.030769 6.708333 5.869231 6.569231 6.125000 5.761539 5.409091 5.869231 0.307692 6.569231 0.000000 6.241667 5.833333 5.850000 0.400000 7.000000 5.775000 5.536364 5.700000 6.533333 2.923077 5.900000 0.338462 5.775000 2.633333 5.761539 
0.828209 558 4.900000 6.200000 5.090909 0.116667 4.666667 5.169231 5.308333 5.891667 4.709091 5.075000 6.030769 5.191667 4.900000 5.169231 0.266667 5.191667 0.000000 6.192307 5.191667 5.330770 0.000000 6.125000 5.191667 5.330769 5.000000 5.016666 6.015384 5.027273 0.000000 5.016667 5.450000 5.191667 
0.950802 558 5.790909 6.300000 6.300000 0.646154 5.869231 6.300000 6.241667 6.730770 5.716667 6.300000 6.941667 6.183333 5.869231 6.300000 0.366667 6.183333 1.023077 7.000000 6.183333 6.183333 0.525000 7.000000 6.246154 6.246154 5.716667 6.241667 6.941667 6.183333 0.430769 6.300000 6.183334 6.246154 
1.075460 558 5.833333 6.246154 6.250000 0.000000 5.775000 6.246154 6.125000 6.784616 5.716667 6.246154 6.892308 6.125000 5.716667 6.246154 0.000000 6.192308 0.276923 6.892308 6.192308 6.125000 0.200000 7.000000 6.192308 6.246154 5.815385 6.183333 6.784616 6.125000 0.916667 6.183333 6.125000 6.192308 
1.202979 558 6.300000 6.416667 6.407692 0.000000 5.976923 6.461539 6.450000 6.892308 6.050000 6.461539 7.000000 6.400000 5.891667 6.461539 0.215385 6.353847 0.466667 6.946154 6.407692 6.400000 0.123077 6.941667 6.407692 6.353847 5.833333 6.461538 7.000000 6.450000 0.000000 6.416667 6.358334 6.353847 
1.328719 558 5.600000 6.192308 5.918182 0.000000 5.281818 6.045455 6.008334 6.809091 5.492308 6.125000 6.838461 5.950000 5.366667 6.066666 0.000000 6.030769 0.523077 6.883333 6.008334 5.950000 0.338462 7.000000 6.008333 5.950000 5.425000 6.192308 6.941667 6.008334 0.133333 6.192308 6.084615 5.950000 
1.450948 558 6.030769 6.416667 6.353847 0.646154 5.923078 6.407692 6.300000 7.000000 5.727273 6.461539 7.000000 6.353847 5.923077 6.358334 0.000000 6.353847 0.525000 7.000000 6.300000 6.236363 0.466667 7.000000 6.300000 6.300000 6.000000 6.358334 7.000000 6.353846 0.000000 6.461539 6.300000 6.353847 
1.579484 558 6.000000 6.241667 6.246154 0.000000 5.716667 7.000000 6.300000 5.761539 5.815385 6.353847 6.892308 6.183333 5.775000 6.300000 0.153846 6.109091 0.184615 6.825000 6.246154 6.300000 0.233333 6.946154 6.183333 6.246154 5.716667 6.350000 5.716667 6.246154 0.400000 7.000000 6.246154 6.183333 
1.709063 558 5.541667 6.250000 6.066667 0.784615 5.650000 7.000000 6.138461 6.250000 5.483334 6.192308 6.838461 6.138462 5.546154 6.250000 0.307692 6.200000 0.061538 7.000000 6.138461 6.138462 0.461538 7.000000 6.200000 6.138462 5.425001 6.125000 6.192308 6.138461 0.123077 7.000000 6.200000 6.138462 
1.831996 558 5.663636 6.300000 6.183333 0.184615 5.658333 7.000000 6.109091 6.183333 5.658333 6.241667 6.883333 6.192308 5.658333 6.241667 0.133333 6.183333 0.166667 7.000000 6.250000 6.183333 0.233333 7.000000 6.183333 6.125000 5.707693 6.241667 6.246153 6.250000 1.183333 6.941667 6.246154 6.125000 
1.959496 558 5.923077 6.183333 6.250000 0.400000 5.658333 7.000000 6.192308 6.246154 5.707692 6.300000 6.892308 6.183333 5.926667 6.183333 0.307692 6.246154 0.184615 7.000000 6.125000 6.192308 0.338462 7.000000 6.125000 6.192308 5.600000 6.300000 6.125000 6.045455 0.000000 7.000000 6.125000 6.125000 
2.084379 558 5.707692 6.125000 5.981818 0.876923 5.750000 7.000000 6.138462 6.358333 5.546154 6.125000 6.650000 6.066667 5.345455 6.192308 0.000000 6.138462 0.000000 7.000000 6.066667 6.066667 2.338462 7.000000 6.138462 6.084615 5.425000 6.192308 6.138462 6.138462 0.000000 7.000000 6.200000 6.150000 
2.207489 558 5.716667 6.300000 6.125000 0.266667 5.716667 7.000000 6.192308 6.300000 5.761539 6.241667 6.892308 6.241667 5.707692 6.172727 0.000000 6.045455 0.523077 7.000000 6.192308 6.066667 0.000000 7.000000 6.125000 6.008334 5.541667 6.045455 6.066667 5.918181 0.215385 7.000000 6.138462 6.008333 
2.345396 558 5.169231 6.200000 5.450000 0.671429 5.150000 6.676923 5.425000 1.200000 5.150000 5.384615 6.600000 5.366666 5.007692 5.500000 0.428571 5.250000 0.000000 6.676923 5.276924 4.958333 0.600000 6.720000 5.450000 5.300000 6.084616 5.550000 5.500000 1.950000 0.000000 6.676923 6.353846 5.169230 
2.471114 558 6.084616 6.246154 6.138462 0.333333 5.976923 7.000000 6.138462 0.246154 5.833333 6.192308 6.825000 5.775000 6.050000 6.192308 0.338462 5.950000 0.246154 7.000000 6.200000 5.869231 0.000000 7.000000 6.200000 5.716667 6.623077 6.192308 6.138462 0.000000 0.369231 7.000000 6.883333 5.950000 
2.597990 558 5.815385 5.950000 5.727273 0.184615 5.976923 6.825000 5.950000 0.266667 5.700000 5.976924 6.825000 5.308334 5.425000 5.976923 0.000000 5.308334 0.369231 6.892308 5.530000 5.550000 0.153846 6.838461 5.775001 5.384616 6.730769 5.891667 5.869231 0.492308 0.000000 6.838461 6.591667 5.090909 
2.726314 558 6.192308 6.353846 6.346666 0.915385 6.008333 7.000000 6.246154 0.000000 6.084616 6.400000 6.900000 6.030770 6.084616 6.350000 0.000000 5.976923 0.123077 7.000000 6.300000 6.030770 0.861538 7.000000 6.246154 5.976923 6.730769 6.300000 6.246154 0.000000 0.184615 7.000000 7.000000 6.160000 
2.847682 558 5.976923 6.300000 6.045455 0.000000 5.976923 7.000000 6.045455 0.875000 5.833333 6.172728 6.883333 5.761539 5.869231 6.172728 0.166667 5.775000 0.200000 7.000000 6.125000 5.409091 0.000000 7.000000 5.790909 5.425000 6.427273 6.008333 5.854545 0.000000 0.233333 7.000000 6.784616 5.483333 
2.973483 558 5.923077 6.030769 5.976923 0.276923 5.600000 7.000000 5.923077 0.783333 5.658333 5.891666 6.883333 5.600000 5.716667 5.891667 0.400000 5.472728 0.000000 7.000000 5.976923 5.869231 0.100000 6.936364 6.030769 5.815384 6.838461 6.084615 6.008334 0.246154 0.066667 7.000000 6.784615 5.600000 
3.114178 558 6.900000 6.246153 6.200000 0.257143 5.869231 6.953333 6.200000 5.450000 5.900000 6.250000 6.900000 5.950000 5.850000 6.250000 0.000000 6.020000 0.142857 6.200000 6.150000 6.020000 0.053333 6.868750 6.000000 5.926667 6.813334 6.150000 6.066667 0.171429 0.257143 6.150000 6.950000 5.923077 
3.237876 568 6.825000 6.200000 6.008334 0.991667 5.815385 6.825000 5.981818 5.854546 5.663636 6.125000 6.784616 5.950000 5.833333 6.192308 0.200000 5.854546 0.033333 6.066667 6.138462 5.790909 0.000000 6.941667 6.125000 6.008334 6.883333 6.300000 6.125000 0.369231 0.000000 6.183333 7.000000 6.084616 
3.364868 568 7.000000 6.241667 6.192308 0.723077 6.030769 6.946154 6.192308 6.150000 6.100000 6.300000 6.946154 6.138462 6.030769 6.246153 0.123077 6.150000 0.307692 6.246154 6.125000 6.084615 0.646154 7.000000 6.250000 6.008333 6.883333 6.246154 6.125000 0.915385 0.000000 6.183334 6.883333 6.084616 
3.490646 568 6.784616 6.192308 6.066666 1.000000 6.000000 7.000000 6.200000 6.084615 5.923077 6.125000 7.000000 6.150000 6.000000 6.138462 0.000000 6.084615 0.000000 6.138462 6.138462 6.030769 0.000000 7.000000 5.950000 5.950000 6.892308 6.066667 6.100000 0.307692 0.000000 6.138462 6.946154 6.050000 
3.619334 568 6.883333 6.045455 6.200000 0.000000 5.923077 6.941667 6.138462 6.183333 5.923077 6.250000 6.838461 5.950000 5.891667 6.138461 1.292308 5.976923 0.400000 6.066667 6.008333 5.976923 0.061538 6.946154 5.950000 5.976923 6.825000 6.084615 5.854545 0.000000 0.215385 6.008334 6.946154 5.833333 
3.742496 568 6.825000 6.246154 6.045455 0.215385 5.790909 7.000000 6.125000 6.138461 5.891666 6.300000 7.000000 6.008333 5.833333 6.109091 0.000000 6.066667 0.000000 6.246154 6.125000 6.125000 0.233333 7.000000 6.192308 6.192308 6.838462 6.183333 6.250000 0.641667 0.933333 6.246154 7.000000 6.008333 
3.870539 568 6.030769 6.066666 5.460000 0.923077 5.150000 6.125000 5.169230 5.460000 4.783333 5.169230 6.142857 5.223077 4.645454 5.169231 0.523077 5.350000 0.153846 5.300000 5.169230 5.350000 0.000000 6.246154 5.016667 5.223077 5.950000 5.016667 5.169230 0.276923 0.000000 5.300000 6.138462 5.169231 
3.995758 568 6.838461 6.246154 6.066666 0.500000 5.833333 7.000000 6.066666 6.084615 5.833333 6.246154 7.000000 6.150000 5.923078 6.183333 0.000000 6.008333 0.000000 6.183333 6.066667 6.008333 0.933333 6.838461 6.200000 5.918181 6.766666 6.183333 6.138462 0.215385 0.000000 6.183333 6.825000 5.950000 
4.123906 568 6.892308 6.246154 6.250000 0.000000 5.976923 7.000000 6.138462 6.008333 6.050000 6.183333 6.892308 6.183333 5.976923 6.346667 0.000000 6.030769 0.184615 6.183333 6.250000 6.030770 0.692308 7.000000 6.125000 6.050000 6.708333 6.346667 6.192308 0.184615 0.246154 6.183333 6.892308 6.050000 
4.246125 568 7.000000 6.300000 6.125000 0.200000 5.918181 7.000000 6.066667 5.854546 5.727273 6.183333 6.941667 6.008334 5.891666 6.109091 0.246154 5.950000 0.307692 6.246154 5.981818 5.833333 0.861538 6.883333 6.030769 5.923077 6.838461 5.981818 6.008334 0.525000 0.492308 6.192307 6.784616 5.833333 
4.368146 568 6.766666 6.125000 6.008333 0.991667 5.775000 6.946154 6.008333 5.976923 5.869231 6.066667 6.883333 5.790909 5.833333 6.125000 0.033333 5.891666 0.233333 6.125000 6.066667 6.084615 0.066667 6.941667 6.125000 5.854546 6.883333 6.246154 6.045455 0.066667 0.066667 6.246154 6.941667 5.854546 
4.491857 568 6.838461 6.192308 6.084615 1.076923 5.869231 6.883333 6.138462 6.066667 5.833333 6.246154 6.941667 6.200000 5.950000 6.300000 0.000000 6.066667 0.000000 6.241667 6.300000 6.008333 0.366667 6.892308 6.109091 6.084615 6.784615 6.183333 6.200000 0.683333 0.000000 6.109091 6.766667 6.084615 
4.618996 568 6.838462 6.241666 6.246153 0.525000 5.923077 6.892308 6.246153 6.138462 5.923077 6.183333 6.892308 6.125000 5.833333 6.246154 2.853846 6.138462 0.000000 6.300000 6.183333 6.066667 0.030769 6.515385 6.246153 6.066667 6.407692 6.246153 6.246154 3.861538 0.276923 6.300000 6.883333 6.084616 
4.743784 568 6.883333 6.300001 6.172727 0.525000 6.050000 6.941667 6.183334 6.183333 5.923077 6.350000 7.000000 6.246154 6.050000 6.241666 6.300001 6.183333 0.000000 6.172727 6.241667 6.109091 0.000000 6.172728 6.300000 6.183333 5.923077 6.241667 6.172727 6.183333 0.000000 6.241667 7.000000 6.109091 
4.866969 568 6.766667 6.109091 6.246154 0.430769 5.833333 7.000000 6.183333 6.183333 5.775000 6.183333 7.000000 6.020000 5.869231 6.183333 6.183333 6.246154 0.750000 6.300000 6.300000 6.300000 0.000000 6.300000 6.246154 6.192308 5.950000 6.246154 6.246154 6.183333 0.369231 6.183333 7.000000 6.250000 
4.991572 568 6.883333 6.300001 6.183333 1.261539 5.775001 6.946154 6.183333 6.125000 5.775000 6.183333 6.892308 6.192308 5.775000 6.246154 6.350000 6.125000 0.307692 6.183333 6.172727 6.192308 0.907692 6.172727 6.172727 6.125000 5.775000 6.241667 6.241667 6.125000 0.376923 6.246153 6.946154 6.125000 
5.118838 568 6.623077 5.923078 5.546154 0.000000 5.308333 6.261539 5.546154 5.900000 5.191667 5.775000 6.533333 5.900000 5.330770 5.869231 6.300000 5.900000 0.492308 5.869231 5.425000 5.716667 0.233333 5.833333 5.650000 5.850000 5.250000 5.833333 5.366667 5.658333 0.276923 5.775000 6.427273 5.761539 
5.244928 580 7.000000 6.241667 6.172727 0.000000 5.775000 6.946154 6.350000 6.241667 5.815385 6.241667 6.946154 6.172727 5.869231 6.172727 6.300000 6.300000 0.200000 6.241667 6.300000 6.183333 0.291667 6.400000 6.241667 6.183333 5.775000 6.353846 6.300000 6.300000 0.000000 6.400000 7.000000 6.109091 
5.367056 580 6.085714 6.066667 5.550000 0.750000 4.900000 6.107693 5.250000 5.330769 4.792308 5.061539 6.045455 5.330769 4.666667 5.061539 5.250000 5.133334 0.066667 4.709091 5.450000 5.400000 1.171429 5.200000 5.250000 4.963636 4.900000 5.061538 5.438462 5.133334 0.000000 4.900000 6.076923 5.133334 
5.490015 580 6.745454 6.183334 6.358334 0.200000 3.769231 6.941667 6.241667 6.045455 5.409091 6.183334 6.883333 6.125000 5.600000 6.246154 6.350000 6.192308 0.523077 6.300000 6.241667 6.125000 0.583333 6.109091 6.246154 6.250000 5.600000 6.109091 6.183333 6.892308 0.369231 6.183334 6.892308 6.138462 
5.618831 580 6.500000 6.050000 6.050000 0.400000 0.000000 7.000000 6.008334 6.000000 5.061538 6.300000 6.946154 6.000000 5.030769 6.008334 6.084615 5.923077 0.184615 6.030769 5.950000 5.923077 0.276923 6.084616 6.084616 5.727273 5.016666 6.084615 6.084616 6.892308 0.184615 6.008334 7.000000 6.000000 
5.742572 580 6.825000 6.241667 6.241667 0.000000 0.300000 6.883333 6.300000 6.066666 5.550000 6.241667 6.892308 6.066666 5.308333 6.241667 6.241667 6.066666 0.033333 6.241667 6.241667 6.066666 0.200000 6.172727 6.241667 6.125000 5.330769 6.241667 6.241667 7.000000 0.700000 6.353846 6.883333 6.125000 
5.865713 580 6.708333 6.045455 6.125000 0.000000 0.366667 6.883333 6.125000 6.008334 5.366667 6.045455 6.883333 6.084615 5.366666 6.138461 6.045455 6.030769 0.807692 6.125000 6.192308 6.084615 0.066667 6.192308 6.192308 6.084616 5.761539 6.138462 6.125000 6.825000 0.000000 6.183333 6.892308 6.084616 
5.988711 580 6.708333 6.084616 6.008334 0.066667 0.307692 6.946154 6.084616 6.183333 5.250000 6.008334 7.000000 5.833333 5.366666 6.008334 6.084616 5.891667 0.466667 5.918181 6.150000 5.727273 0.000000 6.138462 6.008333 5.923077 5.191667 6.008333 6.084615 6.766667 0.000000 6.008334 7.000000 5.790909 
6.117578 580 6.892308 6.138462 6.192308 0.246154 0.350000 6.892308 6.200000 6.183333 5.446154 6.066666 6.946154 5.976923 5.276923 6.138462 6.192308 5.976923 0.030769 6.138462 5.981818 5.976923 0.153846 6.192308 6.066666 5.976923 5.276923 6.138462 6.138462 6.892308 0.400000 6.125000 7.000000 6.100000 
6.239329 580 6.838461 6.045455 6.200000 0.246154 0.875000 6.183333 5.981818 6.138462 5.191667 6.138462 7.000000 6.192308 5.492308 6.066667 6.138462 6.066667 0.133333 6.200000 6.066667 6.138462 1.633333 5.981818 6.138462 6.138462 5.308333 5.981818 6.066667 6.700000 0.190909 6.192308 7.000000 5.981818 
6.361986 580 6.883333 6.407692 6.236363 0.633333 0.650000 6.427273 6.353846 6.125000 5.833333 6.300000 7.000000 6.045455 5.790909 6.300001 6.236363 6.192307 0.466667 6.236363 6.300000 6.125000 5.976923 6.407692 6.300000 6.125000 5.891667 6.407692 6.300000 7.000000 0.338462 6.407693 7.000000 6.192308 
6.490402 580 6.825000 6.246153 6.192308 0.000000 0.215385 6.300000 6.066667 6.183333 5.658333 6.192308 6.838461 6.100000 5.850000 6.250000 6.138461 5.976923 0.569231 6.192308 6.200000 6.030769 5.761539 6.125000 6.192308 6.100000 5.850000 6.250000 6.138462 6.825000 0.123077 6.183333 6.838461 6.030769 
6.632165 580 6.300000 5.553333 5.300000 0.285714 0.000000 5.693333 5.500000 5.366666 4.950000 5.553333 6.450000 5.016666 5.000000 5.450000 6.212500 5.007692 0.114286 5.450000 5.115385 5.007692 5.050000 5.330770 5.300000 5.200000 4.792308 5.330770 5.169231 6.350000 0.571429 5.506667 6.407692 5.061539 
6.755047 580 6.883333 6.358333 6.241667 0.333333 1.050000 6.407692 6.241666 6.183334 5.950000 6.300000 7.000000 6.084616 5.869231 6.300000 6.241667 6.125000 0.153846 6.300000 6.300001 6.250000 5.775001 6.440000 6.300000 6.192308 5.716667 6.300000 6.350000 6.883333 0.000000 6.300000 6.941667 6.084616 
6.880943 580 6.125000 6.416667 5.541667 0.000000 1.285714 5.425000 5.653846 5.546154 5.218182 5.425000 6.192307 5.492308 5.075000 5.546154 5.366667 5.330770 0.000000 5.384615 5.308334 5.133333 5.061539 5.090909 5.218182 5.330770 5.007692 5.250000 5.308333 6.066667 0.000000 5.384615 6.125000 5.400000 
7.010382 580 6.623077 6.192307 5.976923 0.092308 0.538462 6.200000 6.050000 5.815385 5.833333 6.200000 6.946154 5.900000 5.653847 6.138462 6.200000 5.976923 0.246154 6.246153 6.138462 5.891666 5.869231 6.246154 6.200000 5.891666 5.950000 6.393333 6.138462 6.700000 0.428571 6.241667 6.950000 5.891666 
7.139872 590 6.623076 6.200000 6.030770 0.000000 0.033333 5.981818 5.918182 5.833333 5.366667 6.676923 7.000000 5.976923 2.650000 6.784616 5.981818 5.923077 0.369231 6.138462 6.084616 5.976923 5.308333 6.008334 5.976923 5.923077 5.090909 6.008333 5.976923 6.883333 2.366667 6.084616 6.300000 5.869231 
7.263820 590 6.461538 5.891666 5.891667 0.000000 0.369231 5.976923 6.138462 5.950000 5.250000 6.766667 6.766667 5.775000 0.369231 6.766667 5.923077 5.869231 0.350000 5.891666 5.976923 5.775000 5.115385 6.030769 6.030769 5.833333 5.169231 5.950000 5.950000 6.946154 0.000000 6.030769 5.950000 5.923077 
7.384470 590 6.809091 6.236364 6.300000 0.033333 0.883333 6.450000 6.300000 6.192308 5.425000 7.000000 6.941667 6.045455 0.133333 7.000000 6.353846 6.125000 0.133333 6.300000 6.236364 6.045455 5.281818 6.353847 6.236364 6.125000 5.218182 6.300000 6.353846 6.883333 0.000000 6.353847 6.236364 6.045455 
7.507058 590 6.569231 6.246154 6.300000 0.166667 0.408333 6.045455 6.246153 6.066667 5.133333 7.000000 6.892308 6.138462 0.966667 6.766667 6.172727 6.200000 0.338462 6.300000 6.300000 6.138462 5.223077 6.125000 6.183333 6.138462 5.223077 6.246153 6.109091 6.708333 2.533333 6.109091 6.183333 6.066667 
7.629960 590 6.809091 6.125000 6.125000 0.000000 0.266667 6.125000 6.125000 5.981819 4.963636 6.941667 6.941667 6.138462 0.000000 7.000000 6.192308 5.981819 0.408333 6.183333 6.125000 6.066666 5.027273 6.125000 6.125000 6.138462 5.276924 6.192308 6.125000 6.708333 0.215385 6.125000 6.246154 6.084615 
7.753158 590 6.708333 6.125000 6.183333 0.092308 0.616667 6.125000 6.125000 6.030769 5.600000 6.766667 6.892308 6.030770 0.166667 7.000000 6.183333 6.084615 0.000000 6.125000 6.183333 6.008334 5.384616 6.125000 6.183333 5.918182 5.250000 6.192308 6.246154 6.883333 0.000000 6.125000 6.183333 5.950000 
7.879689 590 6.892308 6.246154 6.125000 0.184615 0.246154 6.246154 6.192308 6.008333 5.438462 7.000000 7.000000 6.030769 3.000000 6.730769 6.183333 6.008333 0.307692 6.183333 6.183333 6.084616 5.483333 6.183333 6.192308 5.950000 5.133333 6.125000 6.192308 6.838461 0.000000 6.192308 6.192308 6.100000 
8.007961 590 6.838461 6.150000 6.150000 0.000000 0.400000 6.066666 6.300000 6.100000 5.700000 6.883333 6.892308 5.950000 5.653846 6.084615 6.100000 6.030769 0.215385 6.084616 6.084615 6.206666 5.700000 6.084615 6.150000 6.150000 5.740000 6.008333 6.030769 6.883333 0.153846 5.950000 6.030769 5.950000 
8.133752 590 6.192308 5.218182 5.276923 0.338462 0.000000 5.546154 5.027273 5.546154 5.075000 6.250000 6.125000 5.492308 4.841667 5.250000 5.854545 5.276923 0.233333 5.250000 5.016667 5.133333 5.061539 5.250000 5.169231 5.133333 4.783333 5.250000 5.133333 5.976923 0.830769 5.450000 5.115385 5.169231 
8.257496 590 6.809091 6.300000 6.300000 0.033333 1.400000 6.300000 6.241667 6.066666 5.869231 7.000000 7.000000 6.045455 6.008334 6.353847 6.353847 6.192307 0.000000 6.246154 6.246154 6.066667 5.716667 6.241667 6.300000 5.981818 5.716667 6.300000 6.246154 6.872727 0.000000 6.300000 6.241667 6.066667 
8.382596 590 6.150000 6.241667 5.308333 0.876923 0.723077 5.438462 5.500000 5.330769 5.061538 6.138462 6.138462 5.250000 5.061539 5.250000 5.438462 5.090909 0.276923 5.500000 5.308333 5.308333 5.191667 5.450000 5.366667 5.492308 5.191667 5.438462 5.600000 6.192307 0.338462 5.133334 5.218182 5.308333 
8.507590 590 6.892308 6.030769 6.183333 0.200000 0.000000 6.008334 6.246153 6.066667 5.716667 6.946154 6.941667 6.125000 5.600000 6.138461 6.183333 6.125000 0.408333 6.066666 6.246154 6.125000 5.663636 6.066666 6.109091 6.125000 5.761539 6.138462 6.246154 6.730770 0.166667 6.183333 6.246154 6.125000 
8.632814 590 6.936364 6.241667 6.241667 0.430769 1.171429 6.236363 6.241666 6.125000 5.727273 6.883333 6.946154 6.138462 5.923078 6.300000 6.300000 6.066667 0.184615 6.183333 6.183333 6.200000 6.000000 6.246154 6.346667 6.250000 5.833333 6.172727 6.172727 6.838462 0.376923 6.300000 6.300001 6.192308 
8.757974 590 6.533333 6.475000 6.515385 4.133333 0.000000 6.461538 6.358333 6.236363 5.891666 6.784616 7.000000 6.300000 6.030769 6.416667 6.416667 6.353846 0.307692 6.416667 6.500000 6.300000 5.976923 6.416667 6.416667 6.300000 5.891667 6.515384 6.461538 6.941667 0.466667 6.475000 6.416667 6.407692 
8.882556 590 5.707692 6.192308 6.138462 6.892308 0.338462 6.125000 6.125000 6.138461 5.425000 6.192308 6.825000 6.300000 5.425000 6.125000 6.250000 6.138462 0.166667 6.125000 6.045455 6.066666 5.425000 6.125000 6.192308 6.066666 5.476923 6.192308 6.125000 6.676923 0.723077 6.192308 6.192308 6.138462 
9.004778 590 5.869231 6.241667 6.172727 6.941667 0.000000 6.241667 6.241667 6.300000 5.750000 6.172727 7.000000 6.109091 5.409091 6.300000 6.236363 6.241667 0.300000 6.300000 6.300000 6.300000 5.541667 6.353847 6.241666 6.183333 5.653846 6.300000 6.300000 6.766666 0.000000 6.300000 6.300000 6.241667 
9.136778 590 5.727273 6.450000 6.407692 6.950000 0.815385 6.450000 6.407692 6.300000 5.850000 6.407692 7.000000 6.353847 5.761539 6.450000 6.450000 6.400000 0.000000 6.450000 6.450000 6.353847 5.850000 6.407692 6.407692 6.400000 5.761539 6.407692 6.407692 6.946154 0.092308 6.358334 6.407692 6.400000 
9.259756 590 6.000000 6.407692 6.353847 7.000000 0.100000 6.358334 6.353847 6.300000 5.600000 6.407692 7.000000 6.300000 5.653846 6.300000 6.353847 6.172728 0.584615 6.358334 6.353847 6.241667 5.658334 6.353847 6.300000 6.241667 5.833333 6.353847 6.358333 6.825000 0.246154 6.358333 6.407692 6.300000 
9.386780 590 6.150000 6.623077 6.569231 6.892308 0.692308 6.600000 6.533333 6.600000 5.833333 6.533333 7.000000 6.533334 5.869231 6.533333 6.569231 6.600000 0.753846 6.591667 6.569231 6.533333 5.923077 6.533333 6.533333 6.569231 5.869231 6.591667 6.569231 7.000000 0.276923 6.550000 6.475000 6.461538 
9.508782 590 5.250000 6.427273 6.475000 6.941667 0.200000 6.427273 6.550000 6.416667 5.833333 6.515385 7.000000 6.461539 5.833333 6.125000 6.427272 6.416667 0.783333 6.427273 6.475000 6.500000 5.658333 6.427273 6.475000 6.363636 5.536364 6.515384 6.515385 6.883333 1.050000 6.591666 6.623077 6.490909 
9.633352 590 0.200000 5.546154 5.409091 6.416667 0.300000 5.425000 5.409091 5.483333 5.223077 5.425000 6.241667 5.483333 5.276923 0.053846 5.653846 5.483333 0.133333 6.358333 6.300000 5.483333 5.330770 5.425000 5.483333 5.345455 5.450000 5.281818 6.358334 5.483334 5.090909 5.425000 5.653846 5.483333 
9.757211 590 1.138462 6.045455 6.300000 6.892308 0.276923 6.066667 6.300000 6.246154 5.658333 6.192308 6.883333 6.183333 5.854546 0.866667 6.241666 6.183333 0.307692 6.883333 6.941667 6.109091 5.707692 6.250000 6.350000 6.183333 5.472727 6.125000 6.172728 6.183333 5.707692 6.192308 6.241666 6.246154 
9.884665 590 0.461538 6.300000 6.407692 6.946154 0.233333 6.300000 6.407692 6.353847 5.869231 6.300000 6.892308 6.358333 6.050000 0.000000 6.407692 6.353847 0.307692 6.892308 6.946154 6.353847 5.658334 6.183333 6.353847 6.353847 5.483333 6.300000 6.407692 6.353847 5.700000 6.183333 6.353847 6.300000 
10.016241 590 0.276923 6.050000 6.084616 6.708333 0.584615 5.976923 6.138462 5.950000 5.384615 5.891667 6.946154 6.150000 5.438462 0.938462 6.150000 6.030770 0.000000 6.892308 6.892308 6.084615 5.425000 6.100000 6.008333 6.150000 5.700000 6.100000 6.150000 6.150000 5.600000 6.030770 6.008333 6.084615 
10.143759 590 0.525000 6.183333 6.353846 6.892308 0.553846 6.246154 6.300000 6.300000 5.716667 6.246154 7.000000 6.400000 5.815385 0.000000 6.300000 6.300000 0.215385 6.892308 7.000000 6.300000 5.761539 6.300000 6.353846 6.300000 5.815385 6.183334 6.353846 6.300000 5.658333 6.246154 6.400000 6.350000 
10.270239 590 0.846154 6.300000 6.358334 6.825000 0.492308 6.246154 6.450000 6.300000 6.000000 6.241667 6.946154 6.358334 5.833333 0.338462 6.358334 6.407693 0.000000 6.892308 6.838461 6.407693 5.869231 6.241667 6.450000 6.407692 5.869231 6.350000 6.358334 6.300000 5.663636 6.300001 6.358334 6.407692 
10.393290 590 0.166667 6.358333 6.461538 6.946154 0.350000 6.358334 6.416667 6.416667 6.490909 6.407692 6.941667 6.416667 6.066667 0.583333 6.416667 6.416667 0.000000 7.000000 6.591667 6.416667 6.008334 6.300000 6.363636 6.461538 6.066667 6.358333 6.416667 6.461538 6.125000 6.358334 6.461538 6.416667 
10.523031 590 0.600000 6.030769 6.084615 6.730770 0.030769 6.138462 6.353846 6.200000 6.750000 6.030769 6.900000 6.200000 5.815385 0.000000 6.085714 6.138462 0.400000 6.750000 6.150000 6.114286 5.761539 6.057143 6.085714 6.138462 5.775000 6.084615 6.084615 6.066667 5.707693 5.950000 6.084615 6.200000 
10.647530 590 0.466667 6.192307 6.300000 6.941667 0.861538 6.125000 6.358334 6.300000 6.766667 6.125000 6.941667 6.241667 5.976923 0.000000 6.241667 6.300000 0.000000 6.941667 6.300000 6.300000 5.727273 6.192308 6.353847 6.300000 5.869231 6.246154 6.300000 6.300000 5.950000 6.192308 6.300000 6.241666 
10.773099 590 0.307692 6.045455 6.241666 6.941667 0.492308 6.183333 6.300000 6.300000 6.730769 6.192308 7.000000 6.109091 5.727273 0.276923 6.246154 6.109091 0.000000 6.883333 6.109091 6.246154 5.950000 6.192307 6.183333 6.183333 5.727273 6.183333 6.183333 6.246154 5.833333 6.192307 6.172727 6.045455 
10.898087 590 0.861538 6.400000 6.416667 7.000000 0.000000 6.353846 6.461538 6.407692 7.000000 6.241667 7.000000 6.416667 5.976923 0.584615 6.450000 6.500000 0.692308 7.000000 6.461539 6.358334 6.000000 6.300000 6.407692 6.358334 6.000000 6.300000 6.450000 6.358334 5.923077 6.241667 6.533333 6.407692 
11.019999 590 0.816667 6.172727 6.353847 7.000000 0.000000 6.300001 6.300000 6.236363 6.892308 6.300000 6.941667 6.300000 5.854545 0.000000 6.236363 6.353847 0.166667 7.000000 6.400000 6.353847 5.854545 6.300000 6.236363 6.353847 5.950000 6.241667 6.300000 6.300000 5.891667 6.241666 6.160000 6.400000 
11.148908 590 0.276923 5.716667 5.653846 5.476923 0.153846 5.869231 5.541667 5.600000 6.416667 6.066666 6.461538 5.880000 5.600000 0.400000 5.345455 5.600000 0.600000 5.569231 5.483333 5.600000 5.384615 5.716667 5.600000 5.600000 5.250000 6.246154 5.600000 5.707693 5.250000 5.869231 5.786666 6.236363 
11.270348 592 0.133333 6.515385 6.591667 6.515385 0.466667 6.363636 6.591667 6.515385 6.946154 7.000000 6.591667 6.533333 6.241667 0.000000 6.623077 6.475000 0.408333 6.515385 6.569231 6.490909 6.183333 6.550000 6.569231 6.490909 6.250000 7.000000 6.569231 6.533333 6.192308 6.475000 6.569231 6.946154 
11.409120 592 0.285714 6.200000 6.407692 6.250000 0.700000 6.200000 6.393333 6.300000 6.650000 6.946154 6.350000 6.246154 5.815385 0.000000 6.393333 6.346666 0.000000 6.138462 6.300000 6.346666 5.900000 6.066667 6.241667 6.346666 5.775000 6.946154 6.350000 6.346666 5.869231 6.253333 6.241667 6.900000 
11.532966 592 0.200000 6.241667 6.461538 6.241667 0.933333 6.300000 6.363636 6.353847 6.750000 6.946154 6.461539 6.353847 5.950000 1.030769 6.363636 6.300000 0.153846 6.241667 6.416667 6.353847 5.950000 6.241667 6.461539 6.300000 6.100000 7.000000 6.363636 6.300000 5.976923 6.241667 6.461539 6.883333 
11.657767 592 0.430769 6.407692 6.515385 6.407692 0.816667 6.407692 6.475000 6.461538 6.809091 7.000000 6.475000 6.416667 6.253333 0.000000 6.515385 6.363636 0.000000 6.450000 6.515385 6.416667 6.150000 6.407692 6.515385 6.416667 5.918181 7.000000 6.515385 6.416667 6.008334 6.358333 6.515385 6.892308 
11.786918 592 0.215385 6.241667 6.358333 6.241667 0.276923 6.246154 6.550000 6.353846 6.950000 6.946154 6.650000 6.300000 5.900000 0.061538 6.450000 6.246154 0.092308 6.066667 6.241667 6.246154 5.658333 6.200000 6.350000 6.246154 5.707692 6.941667 6.300000 6.246154 5.850000 6.138462 6.241667 6.941667 
11.911168 592 0.233333 6.461538 6.461538 6.241667 0.861538 6.461539 6.358333 6.353847 6.125000 7.000000 6.300000 6.353846 5.663636 0.184615 6.300000 6.461539 0.276923 6.407692 6.515385 6.500000 4.725000 6.358333 6.475000 6.461539 6.028572 6.650000 6.475000 6.461538 6.353847 6.358333 6.550000 6.892308 
12.037076 592 0.400000 7.000000 6.416667 6.353847 0.291667 7.000000 6.416667 6.300000 5.775000 7.000000 6.416667 6.407692 5.850000 0.000000 6.363636 6.407692 0.646154 6.236363 6.461538 6.358334 0.053846 6.300000 6.416667 6.407692 5.761539 6.353846 6.515385 6.358333 6.745455 6.300000 6.416667 6.946154 
12.163919 592 0.033333 6.892308 6.300000 6.125000 0.661538 6.892308 6.353846 6.183334 5.585714 6.946154 6.440000 6.246154 5.281818 0.000000 6.353847 6.246154 0.338462 6.138462 6.353846 6.183334 0.338462 6.125000 6.300000 6.183334 5.950000 6.066667 6.353847 6.300000 6.800000 6.250000 6.300000 6.838461 
12.290923 592 0.369231 7.000000 6.300000 6.250000 0.400000 7.000000 6.407692 6.400000 5.169231 7.000000 6.241666 6.192308 5.223077 0.092308 6.300000 6.246154 0.092308 6.200000 6.300000 6.192308 0.092308 6.200000 6.246154 6.192308 4.958333 6.066667 6.300000 6.183333 6.569231 6.138462 6.138462 6.838461 
12.412393 592 0.850000 6.892308 6.407692 6.109091 0.133333 7.000000 6.300000 6.241667 5.281818 7.000000 6.358334 6.172727 5.425000 0.033333 6.300000 6.241666 0.133333 5.976923 6.300000 6.066667 0.000000 6.100000 6.183333 6.066667 5.191667 5.976923 6.109091 5.981818 6.427272 5.790909 6.236364 6.708333 
12.534355 592 0.400000 6.825000 6.125000 6.030769 0.266667 6.892308 6.192307 5.918182 5.075000 7.000000 6.125000 6.008334 5.300000 0.166667 6.192308 6.008334 0.000000 6.008333 6.125000 6.183333 0.166667 5.981818 6.300000 6.183333 5.250000 6.200000 6.353846 6.246154 6.515385 6.066667 6.400000 7.000000 
12.657960 592 0.650000 6.109091 5.653846 5.483333 0.266667 6.183333 5.653846 5.483333 4.841667 6.183333 6.475000 5.653846 4.645454 0.700000 5.750000 5.541667 0.000000 5.425000 5.541667 5.541667 0.000000 5.546154 5.409091 5.653846 4.841667 5.425000 5.541667 5.541667 6.066667 5.546154 5.541667 6.183333 
12.788063 592 0.215385 7.000000 6.241667 6.125000 1.171429 6.138462 6.241667 6.200000 0.800000 6.825000 6.300000 6.125000 5.075000 0.000000 6.125000 6.200000 1.200000 6.030769 6.784616 6.066666 4.500000 5.950000 6.250000 6.138462 5.276923 6.030769 6.192308 6.138462 6.569231 6.030769 6.192308 6.708333 
12.908862 592 1.507692 6.941667 6.183333 6.125000 0.133333 5.790909 6.125000 6.125000 0.133333 6.825000 6.192307 6.125000 5.500000 0.166667 6.125000 6.045455 0.000000 5.918182 7.000000 6.125000 5.308333 6.066667 6.125000 6.045455 5.250000 6.084616 6.125000 6.250000 6.591667 6.066667 6.125000 6.883334 
13.030592 592 1.169231 7.000000 6.066667 6.030769 0.525000 6.066667 6.246154 6.246154 0.133333 7.000000 6.109091 6.246153 5.154545 1.507692 6.246153 6.109091 0.461538 6.138462 7.000000 6.246153 5.438462 6.066667 6.246153 6.246153 5.308333 6.066667 6.192308 6.045455 6.591667 5.981818 6.246154 6.892308 
13.152426 592 0.200000 7.000000 6.241667 6.125000 0.333333 6.192308 6.241667 6.183333 0.350000 7.000000 6.241667 6.183333 5.384616 0.000000 6.241667 6.246154 0.033333 6.045455 7.000000 6.183333 5.250000 6.125000 6.172727 6.183333 5.250000 6.125000 6.241667 6.241667 6.533333 6.192308 6.241667 6.941667 
13.274965 594 1.050000 7.000000 6.300000 6.246154 0.066667 6.300000 6.353846 6.241667 0.000000 6.892308 6.353846 6.241667 5.425000 0.000000 6.241666 6.183333 0.533333 6.246154 6.883333 6.241667 5.281818 6.183333 6.353847 6.246154 5.546154 6.183334 6.353846 6.241666 6.730770 6.125000 6.300000 7.000000 
13.398644 594 0.584615 6.900000 6.246154 6.138462 0.492308 6.008333 6.109091 6.125000 0.338462 6.825000 6.246154 6.125000 5.350000 0.000000 6.183333 6.125000 0.033333 6.138462 6.883333 6.045455 5.492308 6.008333 6.109091 6.192308 5.366666 6.008333 6.109091 6.192308 6.708333 6.066667 6.183333 6.784616 
13.522118 594 0.133333 6.883334 6.246154 6.066667 0.233333 5.981818 6.246154 6.125000 0.166667 6.300000 6.109091 6.125000 5.000000 1.384615 6.300000 6.192307 0.000000 6.045455 6.883333 6.250000 4.983334 6.192308 6.246154 6.125000 5.384616 6.125000 6.246153 6.623077 5.815385 6.192308 6.569231 7.000000 
13.650172 594 0.400000 7.000000 6.125000 6.084615 0.116667 5.950000 6.192308 6.138461 0.030769 6.008333 6.192308 6.138461 4.454545 0.000000 6.125000 6.066667 0.123077 6.150000 6.900000 6.200000 4.950000 6.008333 6.192308 6.066667 4.416667 6.084615 6.125000 7.000000 4.350000 6.008333 6.892308 7.000000 
13.775008 594 0.369231 6.784616 6.300000 6.192308 0.492308 6.250000 6.183333 6.192308 0.233333 6.192308 6.246154 6.192308 5.250000 0.266667 6.246154 6.183334 1.966667 6.125000 6.766667 6.109091 4.480000 6.125000 6.300000 6.192308 5.115385 6.192307 6.246154 6.941667 5.115385 6.138462 6.766667 7.000000 
13.904415 594 0.676923 6.883333 6.300000 6.183333 0.461538 6.192308 6.300000 6.241666 0.338462 6.125000 6.300000 6.300000 5.250000 0.000000 6.241667 6.300000 0.000000 6.125000 6.941667 6.300000 5.320000 6.250000 6.241666 6.300000 5.061539 6.125000 6.241667 6.892308 5.061538 6.125000 7.000000 6.838461 
14.030899 594 0.400000 6.946154 6.125000 6.200000 1.030769 6.008334 6.192308 6.138462 0.153846 6.253333 6.192308 6.138462 4.846154 0.153846 6.192308 6.200000 0.123077 6.150000 6.946154 6.138462 4.390909 6.084616 6.192308 6.066667 4.550000 6.150000 6.192308 6.892308 4.738461 6.150000 6.946154 6.941667 
14.155826 594 0.366667 7.000000 6.300000 6.300000 0.291667 6.300000 6.358334 6.300000 0.000000 6.236363 6.407692 6.300000 5.133333 0.000000 6.358334 6.353847 0.000000 6.241667 7.000000 6.300000 5.400000 6.300000 6.300000 6.353847 5.223077 6.236363 6.407692 7.000000 4.963636 6.300000 7.000000 7.000000 
14.282794 594 0.246154 6.600000 5.900000 5.507692 0.553846 5.800000 5.415385 5.706666 0.830769 5.600000 5.869231 5.507692 4.900000 0.030769 5.415385 5.483333 0.123077 5.415385 6.353847 5.541667 4.946666 5.250000 5.646667 5.507692 4.630769 5.384615 5.308333 5.707692 5.384615 5.500000 6.676923 6.427272 
14.407856 594 0.133333 7.000000 6.183333 6.125000 0.350000 6.066667 6.246153 6.125000 0.000000 6.066666 6.183333 6.246153 5.090909 0.633333 6.183333 6.183333 0.000000 6.066666 6.941667 6.183333 5.027273 6.138461 6.183333 6.300000 5.384615 6.138461 6.183333 6.183333 6.591667 6.138461 7.000000 6.892308 
14.529964 594 0.616667 6.941667 6.461539 6.358334 0.100000 6.300000 6.416667 6.363636 0.200000 6.416667 6.363636 6.358334 5.250000 1.023077 6.461539 6.358334 0.000000 6.300000 7.000000 6.416667 5.218182 6.358334 6.461539 6.300000 5.154545 6.300000 6.461539 6.407692 6.784616 6.300000 6.946154 7.000000 
14.650904 594 1.108333 6.946154 6.125000 6.192308 0.400000 6.008333 6.192308 6.183333 0.000000 6.008333 6.192308 6.183333 5.585714 0.566667 6.192308 6.246154 0.400000 6.084616 7.000000 6.300000 5.350000 6.008333 6.045455 5.950000 5.016667 5.869231 5.854546 5.950000 6.358333 5.775000 7.000000 6.766667 
14.772013 594 0.683333 6.883333 6.192308 6.066667 0.525000 6.084616 6.125000 6.125000 0.133333 5.976923 6.084616 5.854546 4.518182 0.000000 5.918182 5.854546 0.133333 5.923077 6.883333 6.008333 4.725000 5.976923 6.008333 6.183333 5.133333 5.981819 6.183333 6.020000 6.416667 5.981818 7.000000 6.766667 
14.904574 594 0.153846 6.784616 5.976923 5.976923 0.538462 5.923078 6.030769 6.150000 0.430769 6.084616 6.138462 6.200000 5.223077 0.215385 6.138462 6.253333 0.030769 6.008333 7.000000 6.138462 5.350000 6.084615 6.138462 6.138462 5.350000 6.150000 6.138462 6.253333 6.407692 6.206666 6.838461 6.800000 
15.028816 594 1.107692 6.946154 6.363636 6.358333 0.066667 6.353847 6.461538 6.407692 0.408333 6.358333 6.416667 6.500000 5.483333 0.000000 6.461538 6.363636 0.000000 6.353847 7.000000 6.358334 5.700000 6.236363 6.461538 6.358333 5.600000 6.300000 6.461538 6.363636 6.766667 6.236363 6.883333 6.941667 
15.154354 594 0.369231 6.883333 6.050000 5.923077 0.000000 5.833333 5.891667 5.923077 0.553846 6.138462 5.976923 5.891667 4.725000 0.066667 5.976923 6.050000 0.123077 5.923077 7.000000 6.050000 4.709091 6.000000 5.891667 5.976923 4.900000 5.923077 6.050000 5.891667 6.400000 5.923077 7.000000 7.000000 
15.279843 594 0.408333 7.000000 6.192308 6.066667 0.246154 6.008334 6.241667 6.125000 0.000000 5.981818 6.192307 6.138462 5.350000 0.307692 6.138462 6.066667 0.000000 6.008334 6.784616 5.981818 4.900000 5.950000 6.192307 5.976923 4.783333 5.775000 5.891667 5.976923 6.300000 5.775000 7.000000 6.708333 
15.410672 594 0.628571 6.766667 5.761539 5.800000 0.153846 5.800000 5.923077 5.761539 0.685714 5.850000 5.761539 5.658333 4.841667 0.000000 5.658333 5.850000 0.314286 5.800000 6.892308 5.850000 5.273333 5.707693 5.850000 5.976923 5.350000 5.950000 5.891667 6.113333 6.591667 5.869231 7.000000 7.000000 
15.536546 594 0.133333 7.000000 6.353847 6.236363 1.353846 6.241667 6.407693 6.400000 0.000000 6.353846 6.358333 6.353847 5.281818 0.000000 6.353847 6.160000 0.100000 6.183334 7.000000 6.236363 5.425000 6.300000 6.353847 6.353847 5.476923 6.300000 6.353847 6.236363 6.838461 6.246154 7.000000 6.892308 
15.660339 594 0.200000 6.883333 6.109091 6.138462 0.000000 6.125000 6.183333 6.045455 0.033333 6.125000 6.183334 6.045455 5.557143 0.600000 6.183334 6.250000 0.000000 6.125000 6.766667 6.192308 5.250000 6.192308 6.109091 6.125000 5.308333 6.125000 6.246154 6.250000 6.363636 6.125000 7.000000 7.000000 
15.782143 594 1.050000 6.475000 6.416667 5.483333 0.100000 5.425000 5.409091 5.345455 0.200000 5.281818 5.653846 5.483334 4.491667 0.266667 5.483334 5.600000 0.276923 5.546154 6.300000 5.483334 4.846154 5.281818 5.345455 5.345455 4.608333 5.425000 5.541667 5.483334 6.192308 5.425000 6.407692 6.300000 
15.904023 594 0.333333 6.300000 6.300000 6.183333 0.408333 6.350000 6.350000 6.300000 5.976923 6.300000 6.300000 6.241667 5.663636 0.000000 6.172727 6.241667 0.133333 6.241667 6.892308 6.241667 5.663636 6.172727 6.300000 6.300000 5.663636 6.241667 6.172727 6.241667 6.766667 6.241667 7.000000 6.825000 
16.026833 594 0.461538 6.172728 6.407692 6.300000 1.169231 6.172728 6.300000 6.353847 5.833333 6.353847 6.353846 6.400000 5.833333 0.950000 6.400000 6.236364 0.000000 6.172728 6.941667 6.300000 5.923077 6.350000 6.407692 6.300000 5.833333 6.300000 6.300000 6.236364 6.892308 6.241666 7.000000 7.000000 
16.158393 594 0.215385 6.440000 6.300000 6.300000 0.291667 6.353846 6.300000 6.241667 5.976923 6.358333 6.300000 6.241667 6.030769 0.092308 6.300000 6.350000 0.061538 6.407692 6.946154 6.350000 6.057143 6.407692 6.300000 6.300000 6.030770 6.358333 6.400000 6.300000 6.883333 6.407692 6.946154 6.946154 
16.285140 594 0.100000 6.172727 6.246154 6.109091 0.661538 6.241667 6.246154 6.246154 5.869231 6.300000 6.183333 6.246154 5.869231 1.028571 6.183333 6.241666 0.307692 6.246154 6.883333 6.183333 6.066667 6.183333 6.246154 6.246154 5.775000 6.246154 6.183333 6.300000 6.623077 6.300000 7.000000 6.850000 
16.409298 594 0.400000 6.138462 6.246154 6.253333 0.033333 6.358334 6.183333 6.192308 5.815384 6.066667 6.192308 6.045455 5.761539 0.000000 6.192308 6.125000 0.000000 6.084616 6.850000 6.192308 5.761539 6.150000 6.125000 6.066667 5.850000 6.008334 6.125000 6.138462 6.650000 6.084616 6.825000 6.883333 
16.533875 594 0.300000 6.138462 6.084616 5.854545 0.307692 6.407692 6.008333 6.030770 5.600000 6.138462 6.008333 6.100000 5.653847 0.369231 6.084615 5.854546 0.307692 6.008333 7.000000 5.950000 5.653847 6.084616 6.008333 5.950000 5.541667 6.200000 6.150000 6.084616 6.623077 6.138462 6.946154 6.883333 
16.657836 594 0.876923 6.125000 6.183333 6.125000 0.033333 6.192307 6.183333 6.183333 5.600000 6.192307 6.183333 6.183333 5.716667 0.100000 6.183333 6.300000 0.291667 6.623077 7.000000 6.246154 5.600000 6.125000 6.183333 6.246154 5.600000 6.591667 6.183333 6.246154 5.658333 6.125000 7.000000 5.891667 
16.781232 594 0.616667 6.461538 6.569231 6.475000 0.000000 6.461538 6.569231 6.515385 6.183334 6.461538 6.515385 6.475000 5.891666 0.000000 6.515385 6.533333 0.100000 7.000000 7.000000 6.533333 5.976923 6.416667 6.515385 6.475000 5.976923 7.000000 6.475000 6.427272 5.869231 6.416667 7.000000 6.515384 
16.905653 594 1.400000 6.125000 6.236364 6.241667 0.338462 6.125000 6.172728 6.300000 5.569231 6.183333 6.300000 6.300000 5.850000 0.461538 6.241667 6.400000 0.400000 6.941667 6.941667 6.241666 5.425000 6.183333 6.353846 6.241666 5.425000 6.883333 6.300000 6.300000 5.546154 6.250000 6.946154 6.138462 
17.029540 594 0.133333 6.300000 6.407692 6.350000 0.991667 6.241667 6.407692 6.300000 5.492308 5.981819 6.183333 6.183333 5.281818 0.000000 6.183333 6.109091 0.000000 7.000000 6.892308 6.125000 5.541667 6.066667 6.183333 6.300000 5.483334 7.000000 6.246154 6.125000 5.541667 5.981819 6.941667 6.236363 
17.158002 594 0.276923 6.350000 6.353846 6.300000 1.169231 6.246153 6.353846 6.461538 5.790909 6.358333 6.550000 6.461538 6.050000 0.030769 6.461538 6.515385 0.923077 7.000000 7.000000 6.500000 5.976924 6.450000 6.461538 6.461538 5.923077 7.000000 6.515385 6.461538 5.976923 6.358333 7.000000 6.500000 
17.282444 596 0.650000 5.483333 6.591667 5.541667 0.000000 5.600000 5.550000 5.218182 5.150000 5.438461 5.438461 5.492308 4.900000 0.215385 5.550000 5.366667 0.000000 6.241667 6.241667 5.492308 4.900000 5.308333 5.438462 5.366666 4.900000 6.125000 5.308333 5.366667 4.725000 5.646667 6.241667 5.438461 
17.412414 596 0.738462 5.541667 5.926667 6.150000 0.400000 5.541667 5.833333 6.050000 5.191667 5.750000 5.472727 5.761539 5.330770 1.076923 5.472727 5.850000 0.583333 6.946154 6.246154 5.472727 5.061538 5.250000 5.308333 5.693333 4.841667 6.000000 5.550000 5.550000 5.273333 5.191667 5.923077 5.169230 
17.547567 596 0.885714 0.676923 0.342857 5.330769 1.457143 1.800000 0.428571 0.153846 0.314286 3.457143 3.457143 3.815385 1.857143 0.100000 3.428571 3.384615 0.600000 1.514286 3.400000 3.800000 3.476923 3.514286 3.485714 3.446154 3.485714 3.446154 3.446154 3.446154 3.485714 3.457143 3.538461 3.661538 
17.681637 596 0.246154 3.000000 0.153846 0.000000 0.953846 0.000000 0.769231 0.342857 3.538461 4.000000 0.000000 4.000000 4.000000 3.661538 0.000000 4.000000 3.046154 4.000000 4.000000 4.000000 4.000000 4.000000 4.000000 4.000000 4.000000 4.000000 4.000000 4.000000 4.000000 4.000000 4.000000 4.000000 
17.813911 596 0.215385 0.000000 0.123077 2.246154 0.000000 1.507692 0.246154 2.246154 4.000000 4.000000 0.000000 4.000000 4.000000 4.000000 0.000000 4.000000 0.000000 4.000000 4.000000 4.000000 4.000000 4.000000 4.000000 4.000000 4.000000 4.000000 4.000000 4.000000 4.000000 4.000000 4.000000 4.000000 
17.946891 596 0.276923 0.000000 3.415385 0.000000 0.657143 0.000000 0.457143 0.000000 4.000000 4.000000 3.571429 0.000000 4.000000 4.000000 3.800000 0.000000 1.400000 4.000000 4.000000 4.000000 4.000000 4.000000 4.000000 4.000000 4.000000 4.000000 4.000000 4.000000 4.000000 4.000000 4.000000 4.000000 
18.079149 596 0.600000 2.314286 0.000000 2.276923 0.492308 0.400000 0.153846 0.457143 0.000000 4.000000 4.000000 2.307692 0.000000 0.000000 0.000000 2.307692 0.000000 4.000000 4.000000 0.000000 4.000000 4.000000 4.000000 4.000000 4.000000 4.000000 4.000000 4.000000 4.000000 4.000000 4.000000 4.000000 
18.211778 596 0.276923 1.200000 0.000000 0.000000 1.846154 1.784615 0.769231 0.123077 4.000000 4.000000 0.000000 4.000000 4.000000 0.000000 0.000000 4.000000 0.000000 4.000000 4.000000 4.000000 4.000000 4.000000 4.000000 4.000000 4.000000 4.000000 4.000000 4.000000 4.000000 4.000000 4.000000 4.000000 
18.343791 596 0.276923 0.000000 0.153846 2.584615 0.000000 0.000000 0.685714 0.430769 4.000000 4.000000 0.000000 4.000000 4.000000 4.000000 1.971429 4.000000 0.000000 4.000000 4.000000 4.000000 4.000000 4.000000 4.000000 4.000000 4.000000 4.000000 4.000000 4.000000 4.000000 4.000000 4.000000 4.000000 
18.475614 596 0.571429 0.000000 0.215385 0.000000 0.742857 0.000000 0.492308 0.000000 4.000000 4.000000 0.000000 0.000000 4.000000 4.000000 0.000000 4.000000 0.257143 4.000000 4.000000 4.000000 0.000000 4.000000 4.000000 4.000000 4.000000 4.000000 4.000000 4.000000 4.000000 0.000000 4.000000 4.000000 
18.607622 596 0.276923 0.000000 0.457143 2.714286 0.215385 0.215385 1.138462 2.553846 4.000000 4.000000 0.285714 2.314286 4.000000 0.000000 1.815385 0.000000 0.000000 4.000000 4.000000 4.000000 4.000000 4.000000 4.000000 4.000000 4.000000 4.000000 4.000000 4.000000 4.000000 4.000000 4.000000 4.000000 
18.740541 596 0.276923 0.000000 0.553846 0.000000 0.461538 0.215385 0.000000 0.000000 4.000000 4.000000 0.000000 0.000000 4.000000 0.000000 0.000000 4.000000 0.000000 4.000000 4.000000 4.000000 4.000000 4.000000 4.000000 4.000000 4.000000 4.000000 4.000000 4.000000 4.000000 4.000000 4.000000 4.000000 
18.872159 596 0.307692 4.000000 3.107692 0.153846 0.461538 2.061538 1.692308 0.338462 0.000000 0.000000 2.092308 0.153846 4.000000 2.215385 2.307692 4.000000 0.000000 4.000000 4.000000 4.000000 4.000000 4.000000 4.000000 4.000000 4.000000 4.000000 4.000000 4.000000 4.000000 4.000000 4.000000 4.000000 
19.003590 596 0.215385 0.000000 0.000000 2.923077 0.307692 0.000000 1.714286 2.676923 4.000000 4.000000 0.000000 3.415385 4.000000 4.000000 0.371429 0.000000 0.461538 4.000000 4.000000 4.000000 4.000000 4.000000 4.000000 4.000000 4.000000 4.000000 4.000000 4.000000 4.000000 4.000000 4.000000 4.000000 
19.135621 596 0.542857 0.000000 0.461538 0.000000 1.885714 1.657143 0.000000 0.000000 4.000000 4.000000 0.000000 0.215385 4.000000 0.000000 0.000000 4.000000 2.200000 0.000000 4.000000 4.000000 4.000000 4.000000 4.000000 4.000000 4.000000 4.000000 4.000000 4.000000 4.000000 4.000000 4.000000 4.000000 
19.267560 594 0.307692 0.000000 1.171429 0.371429 1.815385 0.000000 0.153846 0.738462 4.000000 4.000000 1.971429 0.000000 4.000000 4.000000 4.000000 0.000000 0.000000 4.000000 4.000000 4.000000 4.000000 4.000000 4.000000 4.000000 4.000000 4.000000 4.000000 4.000000 4.000000 4.000000 4.000000 4.000000 
19.400570 594 0.307692 2.514286 0.000000 2.030769 0.000000 0.461538 0.153846 0.457143 0.000000 4.000000 4.000000 2.430769 0.000000 4.000000 4.000000 4.000000 3.169231 4.000000 4.000000 4.000000 4.000000 4.000000 4.000000 4.000000 4.000000 4.000000 4.000000 4.000000 4.000000 4.000000 4.000000 4.000000 
19.532485 594 0.307692 0.000000 3.415385 0.000000 0.246154 0.000000 0.492308 1.507692 4.000000 0.000000 4.000000 0.000000 4.000000 0.000000 4.000000 0.000000 0.000000 0.000000 4.000000 4.000000 4.000000 4.000000 4.000000 4.000000 4.000000 4.000000 4.000000 4.000000 4.000000 4.000000 4.000000 4.000000 
19.665263 594 0.338462 0.246154 0.000000 0.615385 0.485714 0.830769 0.153846 0.246154 4.000000 0.000000 4.000000 1.323077 4.000000 0.000000 4.000000 1.323077 2.184615 4.000000 4.000000 4.000000 4.000000 4.000000 4.000000 4.000000 4.000000 4.000000 4.000000 4.000000 4.000000 4.000000 4.000000 4.000000 
19.797615 594 0.600000 1.507692 0.215385 0.000000 0.246154 0.428571 0.942857 0.000000 4.000000 0.492308 0.000000 4.000000 4.000000 1.446154 0.000000 4.000000 0.257143 4.000000 4.000000 4.000000 4.000000 4.000000 4.000000 4.000000 4.000000 4.000000 4.000000 4.000000 4.000000 4.000000 4.000000 4.000000 
19.930103 594 0.246154 2.061538 0.428571 2.371428 0.000000 0.923077 0.369231 2.123077 4.000000 4.000000 0.257143 4.000000 4.000000 4.000000 0.953846 4.000000 0.000000 4.000000 4.000000 4.000000 4.000000 4.000000 4.000000 4.000000 4.000000 4.000000 4.000000 4.000000 4.000000 4.000000 4.000000 4.000000 
