0.089185 476 7.000000 6.387500 0.000000 6.400000 0.000000 6.900000 7.000000 7.000000 0.000000 7.000000 7.000000 7.000000 7.000000 7.000000 7.000000 7.000000 7.000000 7.000000 7.000000 7.000000 4.000000 7.000000 7.000000 7.000000 4.000000 7.000000 7.000000 7.000000 0.000000 7.000000 7.000000 7.000000 
0.193681 476 7.000000 7.000000 7.000000 7.000000 4.100000 7.000000 7.000000 7.000000 7.000000 7.000000 7.000000 7.000000 7.000000 7.000000 7.000000 7.000000 7.000000 7.000000 7.000000 7.000000 0.000000 7.000000 7.000000 7.000000 4.000000 7.000000 7.000000 7.000000 4.000000 7.000000 7.000000 7.000000 
0.298162 476 7.000000 7.000000 7.000000 7.000000 7.000000 7.000000 7.000000 7.000000 7.000000 7.000000 7.000000 7.000000 7.000000 7.000000 7.000000 7.000000 7.000000 7.000000 7.000000 7.000000 0.200000 7.000000 7.000000 7.000000 4.000000 7.000000 7.000000 7.000000 4.000000 7.000000 7.000000 7.000000 
0.402679 476 7.000000 7.000000 7.000000 7.000000 7.000000 7.000000 7.000000 7.000000 7.000000 7.000000 7.000000 7.000000 7.000000 7.000000 7.000000 7.000000 7.000000 7.000000 7.000000 7.000000 0.545455 7.000000 7.000000 7.000000 4.000000 7.000000 7.000000 7.000000 0.000000 7.000000 7.000000 7.000000 
0.507165 476 7.000000 7.000000 7.000000 7.000000 7.000000 7.000000 7.000000 7.000000 7.000000 7.000000 7.000000 7.000000 7.000000 7.000000 7.000000 7.000000 7.000000 7.000000 7.000000 7.000000 0.000000 7.000000 7.000000 7.000000 4.000000 7.000000 7.000000 7.000000 4.000000 7.000000 7.000000 7.000000 
0.675448 478 7.000000 7.000000 7.000000 7.000000 7.000000 7.000000 7.000000 7.000000 7.000000 7.000000 7.000000 7.000000 7.000000 7.000000 7.000000 7.000000 7.000000 7.000000 7.000000 7.000000 2.988235 7.000000 7.000000 7.000000 0.000000 7.000000 7.000000 7.000000 4.000000 7.000000 7.000000 7.000000 
0.837067 478 7.000000 7.000000 7.000000 7.000000 7.000000 7.000000 7.000000 7.000000 7.000000 7.000000 7.000000 7.000000 7.000000 7.000000 7.000000 7.000000 7.000000 7.000000 7.000000 7.000000 0.000000 7.000000 7.000000 7.000000 0.000000 7.000000 7.000000 7.000000 0.000000 7.000000 7.000000 7.000000 
0.980654 478 7.000000 7.000000 7.000000 7.000000 7.000000 7.000000 7.000000 7.000000 7.000000 7.000000 7.000000 7.000000 7.000000 7.000000 7.000000 7.000000 7.000000 7.000000 7.000000 7.000000 0.266667 7.000000 7.000000 7.000000 0.250000 7.000000 7.000000 7.000000 0.213333 7.000000 7.000000 7.000000 
1.142911 478 7.000000 7.000000 7.000000 7.000000 7.000000 7.000000 7.000000 7.000000 7.000000 7.000000 7.000000 7.000000 7.000000 7.000000 7.000000 7.000000 7.000000 7.000000 7.000000 7.000000 0.100000 7.000000 7.000000 7.000000 2.425000 7.000000 7.000000 7.000000 0.025000 7.000000 7.000000 7.000000 
1.328532 478 7.000000 7.000000 7.000000 7.000000 7.000000 7.000000 7.000000 7.000000 7.000000 7.000000 7.000000 7.000000 7.000000 7.000000 7.000000 7.000000 7.000000 7.000000 7.000000 7.000000 0.038889 7.000000 7.000000 7.000000 0.000000 7.000000 7.000000 7.000000 5.644444 7.000000 7.000000 7.000000 
1.499748 478 7.000000 7.000000 7.000000 7.000000 7.000000 7.000000 7.000000 7.000000 7.000000 7.000000 7.000000 7.000000 7.000000 7.000000 7.000000 7.000000 7.000000 7.000000 7.000000 7.000000 0.311111 7.000000 7.000000 7.000000 0.070588 7.000000 7.000000 7.000000 7.000000 7.000000 7.000000 7.000000 
1.677386 478 7.000000 7.000000 7.000000 7.000000 7.000000 7.000000 7.000000 7.000000 7.000000 7.000000 7.000000 7.000000 7.000000 7.000000 7.000000 7.000000 7.000000 7.000000 7.000000 7.000000 0.000000 7.000000 7.000000 7.000000 1.444444 7.000000 7.000000 7.000000 7.000000 7.000000 7.000000 7.000000 
1.838938 478 7.000000 7.000000 7.000000 7.000000 7.000000 7.000000 7.000000 7.000000 7.000000 7.000000 7.000000 7.000000 7.000000 7.000000 7.000000 7.000000 7.000000 7.000000 7.000000 7.000000 0.100000 7.000000 7.000000 7.000000 0.000000 7.000000 7.000000 7.000000 7.000000 7.000000 7.000000 7.000000 
2.008871 478 7.000000 7.000000 7.000000 7.000000 7.000000 7.000000 7.000000 7.000000 7.000000 7.000000 7.000000 7.000000 7.000000 7.000000 7.000000 7.000000 7.000000 7.000000 7.000000 7.000000 0.247059 7.000000 7.000000 7.000000 0.000000 7.000000 7.000000 7.000000 7.000000 7.000000 7.000000 7.000000 
2.181350 478 7.000000 7.000000 7.000000 7.000000 7.000000 7.000000 7.000000 7.000000 7.000000 7.000000 7.000000 7.000000 7.000000 7.000000 7.000000 7.000000 7.000000 7.000000 7.000000 7.000000 0.070588 7.000000 7.000000 7.000000 0.258824 7.000000 7.000000 7.000000 7.000000 7.000000 7.000000 7.000000 
2.360499 478 7.000000 7.000000 7.000000 7.000000 7.000000 7.000000 7.000000 7.000000 7.000000 7.000000 7.000000 7.000000 7.000000 7.000000 7.000000 7.000000 7.000000 7.000000 7.000000 7.000000 0.177778 7.000000 7.000000 7.000000 0.000000 7.000000 7.000000 7.000000 7.000000 7.000000 7.000000 7.000000 
2.526860 478 7.000000 7.000000 7.000000 7.000000 7.000000 7.000000 7.000000 7.000000 7.000000 7.000000 7.000000 7.000000 7.000000 7.000000 7.000000 7.000000 7.000000 7.000000 7.000000 7.000000 0.235294 7.000000 7.000000 7.000000 0.258824 7.000000 7.000000 7.000000 7.000000 7.000000 7.000000 7.000000 
2.697820 496 7.000000 7.000000 7.000000 7.000000 7.000000 7.000000 7.000000 7.000000 7.000000 7.000000 7.000000 7.000000 7.000000 7.000000 7.000000 7.000000 7.000000 7.000000 7.000000 7.000000 0.164706 7.000000 7.000000 7.000000 0.000000 7.000000 7.000000 7.000000 7.000000 7.000000 7.000000 7.000000 
2.858932 496 7.000000 7.000000 7.000000 7.000000 7.000000 7.000000 7.000000 7.000000 7.000000 7.000000 7.000000 7.000000 7.000000 7.000000 7.000000 7.000000 7.000000 7.000000 7.000000 7.000000 0.125000 7.000000 7.000000 7.000000 0.525000 7.000000 7.000000 7.000000 7.000000 7.000000 7.000000 7.000000 
3.038986 496 7.000000 7.000000 7.000000 7.000000 7.000000 7.000000 7.000000 7.000000 7.000000 7.000000 7.000000 7.000000 7.000000 7.000000 7.000000 7.000000 7.000000 7.000000 7.000000 7.000000 0.233333 7.000000 7.000000 7.000000 0.000000 7.000000 7.000000 7.000000 7.000000 7.000000 7.000000 7.000000 
3.206943 496 7.000000 7.000000 7.000000 7.000000 7.000000 7.000000 7.000000 7.000000 7.000000 7.000000 7.000000 7.000000 7.000000 7.000000 7.000000 7.000000 7.000000 7.000000 7.000000 7.000000 0.329412 7.000000 7.000000 7.000000 0.258824 7.000000 7.000000 7.000000 7.000000 7.000000 7.000000 7.000000 
3.386969 496 7.000000 7.000000 7.000000 7.000000 7.000000 7.000000 7.000000 7.000000 7.000000 7.000000 7.000000 7.000000 7.000000 7.000000 7.000000 7.000000 7.000000 7.000000 7.000000 7.000000 0.233333 7.000000 7.000000 7.000000 0.000000 7.000000 7.000000 7.000000 7.000000 7.000000 7.000000 7.000000 
3.548483 496 7.000000 7.000000 7.000000 7.000000 7.000000 7.000000 7.000000 7.000000 7.000000 7.000000 7.000000 7.000000 7.000000 7.000000 7.000000 7.000000 7.000000 7.000000 7.000000 7.000000 0.262500 7.000000 7.000000 7.000000 0.000000 7.000000 7.000000 7.000000 7.000000 7.000000 7.000000 7.000000 
3.714499 496 7.000000 7.000000 7.000000 7.000000 7.000000 7.000000 7.000000 7.000000 7.000000 7.000000 7.000000 7.000000 7.000000 7.000000 7.000000 7.000000 7.000000 7.000000 7.000000 7.000000 0.352941 7.000000 7.000000 7.000000 0.235294 7.000000 7.000000 7.000000 7.000000 7.000000 7.000000 7.000000 
3.890908 496 7.000000 7.000000 7.000000 7.000000 7.000000 7.000000 7.000000 7.000000 7.000000 7.000000 7.000000 7.000000 7.000000 7.000000 7.000000 7.000000 7.000000 7.000000 7.000000 7.000000 0.258824 7.000000 7.000000 7.000000 0.000000 7.000000 7.000000 7.000000 7.000000 7.000000 7.000000 7.000000 
4.052421 496 7.000000 7.000000 7.000000 7.000000 7.000000 7.000000 7.000000 7.000000 7.000000 7.000000 7.000000 7.000000 7.000000 7.000000 7.000000 7.000000 7.000000 7.000000 7.000000 7.000000 0.000000 7.000000 7.000000 7.000000 0.262500 7.000000 7.000000 7.000000 7.000000 7.000000 7.000000 7.000000 
4.215933 496 7.000000 7.000000 7.000000 7.000000 7.000000 7.000000 7.000000 7.000000 7.000000 7.000000 7.000000 7.000000 7.000000 7.000000 7.000000 7.000000 7.000000 7.000000 7.000000 7.000000 4.237500 7.000000 7.000000 7.000000 0.164706 7.000000 7.000000 7.000000 7.000000 7.000000 7.000000 7.000000 
4.382921 496 7.000000 7.000000 7.000000 7.000000 7.000000 7.000000 7.000000 7.000000 7.000000 7.000000 7.000000 7.000000 7.000000 7.000000 7.000000 7.000000 7.000000 7.000000 7.000000 7.000000 7.000000 7.000000 7.000000 7.000000 0.000000 7.000000 7.000000 7.000000 7.000000 7.000000 7.000000 7.000000 
4.568249 496 7.000000 7.000000 7.000000 7.000000 7.000000 7.000000 7.000000 7.000000 7.000000 7.000000 7.000000 7.000000 7.000000 7.000000 7.000000 7.000000 7.000000 7.000000 7.000000 7.000000 7.000000 7.000000 7.000000 7.000000 0.389474 7.000000 7.000000 7.000000 7.000000 7.000000 7.000000 7.000000 
4.748243 550 7.000000 7.000000 7.000000 7.000000 7.000000 7.000000 7.000000 7.000000 7.000000 7.000000 7.000000 7.000000 7.000000 7.000000 7.000000 7.000000 7.000000 7.000000 7.000000 7.000000 7.000000 7.000000 7.000000 7.000000 0.133333 7.000000 7.000000 7.000000 7.000000 7.000000 7.000000 7.000000 
4.917279 550 7.000000 7.000000 7.000000 7.000000 7.000000 7.000000 7.000000 7.000000 7.000000 7.000000 7.000000 7.000000 7.000000 7.000000 7.000000 7.000000 7.000000 7.000000 7.000000 7.000000 7.000000 7.000000 7.000000 7.000000 0.164706 7.000000 7.000000 7.000000 7.000000 7.000000 7.000000 7.000000 
5.090941 550 7.000000 7.000000 7.000000 7.000000 7.000000 7.000000 7.000000 7.000000 7.000000 7.000000 7.000000 7.000000 7.000000 7.000000 7.000000 7.000000 7.000000 7.000000 7.000000 7.000000 7.000000 7.000000 7.000000 7.000000 0.047059 7.000000 7.000000 7.000000 7.000000 7.000000 7.000000 7.000000 
5.258933 550 7.000000 7.000000 7.000000 7.000000 7.000000 7.000000 7.000000 7.000000 7.000000 7.000000 7.000000 7.000000 7.000000 7.000000 7.000000 7.000000 7.000000 7.000000 7.000000 7.000000 7.000000 7.000000 7.000000 7.000000 0.000000 7.000000 7.000000 7.000000 7.000000 7.000000 7.000000 7.000000 
5.426949 550 7.000000 7.000000 7.000000 7.000000 7.000000 7.000000 7.000000 7.000000 7.000000 7.000000 7.000000 7.000000 7.000000 7.000000 7.000000 7.000000 7.000000 7.000000 7.000000 7.000000 7.000000 7.000000 7.000000 7.000000 0.700000 7.000000 7.000000 7.000000 7.000000 7.000000 7.000000 7.000000 
5.589335 550 7.000000 7.000000 7.000000 7.000000 7.000000 7.000000 7.000000 7.000000 7.000000 7.000000 7.000000 7.000000 7.000000 7.000000 7.000000 7.000000 7.000000 7.000000 7.000000 7.000000 7.000000 7.000000 7.000000 7.000000 0.175000 7.000000 7.000000 7.000000 7.000000 7.000000 7.000000 7.000000 
5.750943 550 7.000000 7.000000 7.000000 7.000000 7.000000 7.000000 7.000000 7.000000 7.000000 7.000000 7.000000 7.000000 7.000000 7.000000 7.000000 7.000000 7.000000 7.000000 7.000000 7.000000 7.000000 7.000000 7.000000 7.000000 0.100000 7.000000 7.000000 7.000000 7.000000 7.000000 7.000000 7.000000 
5.922975 550 7.000000 7.000000 7.000000 7.000000 7.000000 7.000000 7.000000 7.000000 7.000000 7.000000 7.000000 7.000000 7.000000 7.000000 7.000000 7.000000 7.000000 7.000000 7.000000 7.000000 7.000000 7.000000 7.000000 7.000000 0.164706 7.000000 7.000000 7.000000 7.000000 7.000000 7.000000 7.000000 
6.090966 550 7.000000 7.000000 7.000000 7.000000 7.000000 7.000000 7.000000 7.000000 7.000000 7.000000 7.000000 7.000000 7.000000 7.000000 7.000000 7.000000 7.000000 7.000000 7.000000 7.000000 7.000000 7.000000 7.000000 7.000000 0.188235 7.000000 7.000000 7.000000 7.000000 7.000000 7.000000 7.000000 
6.255995 550 7.000000 7.000000 7.000000 7.000000 7.000000 7.000000 7.000000 7.000000 7.000000 7.000000 7.000000 7.000000 7.000000 7.000000 7.000000 7.000000 7.000000 7.000000 7.000000 7.000000 7.000000 7.000000 7.000000 7.000000 0.258824 7.000000 7.000000 7.000000 7.000000 7.000000 7.000000 7.000000 
6.422792 550 7.000000 7.000000 7.000000 7.000000 7.000000 7.000000 7.000000 7.000000 7.000000 7.000000 7.000000 7.000000 7.000000 7.000000 7.000000 7.000000 7.000000 7.000000 7.000000 7.000000 7.000000 7.000000 7.000000 7.000000 0.000000 7.000000 7.000000 7.000000 7.000000 7.000000 7.000000 7.000000 
6.596239 550 7.000000 7.000000 7.000000 7.000000 7.000000 7.000000 7.000000 7.000000 7.000000 7.000000 7.000000 7.000000 7.000000 7.000000 7.000000 7.000000 7.000000 7.000000 7.000000 7.000000 7.000000 7.000000 7.000000 7.000000 0.433333 7.000000 7.000000 7.000000 7.000000 7.000000 7.000000 7.000000 
6.776303 614 7.000000 7.000000 7.000000 7.000000 7.000000 7.000000 7.000000 7.000000 7.000000 7.000000 7.000000 7.000000 7.000000 7.000000 7.000000 7.000000 7.000000 7.000000 7.000000 7.000000 7.000000 7.000000 7.000000 7.000000 0.133333 7.000000 7.000000 7.000000 7.000000 7.000000 7.000000 7.000000 
6.955828 614 7.000000 7.000000 7.000000 7.000000 7.000000 7.000000 7.000000 7.000000 7.000000 7.000000 7.000000 7.000000 7.000000 7.000000 7.000000 7.000000 7.000000 7.000000 7.000000 7.000000 7.000000 7.000000 7.000000 7.000000 0.133333 7.000000 7.000000 7.000000 7.000000 7.000000 7.000000 7.000000 
7.136176 614 7.000000 7.000000 7.000000 7.000000 7.000000 7.000000 7.000000 7.000000 7.000000 7.000000 7.000000 7.000000 7.000000 7.000000 7.000000 7.000000 7.000000 7.000000 7.000000 7.000000 7.000000 7.000000 7.000000 7.000000 0.111111 7.000000 7.000000 7.000000 7.000000 7.000000 7.000000 7.000000 
7.298965 614 7.000000 7.000000 7.000000 7.000000 7.000000 7.000000 7.000000 7.000000 7.000000 7.000000 7.000000 7.000000 7.000000 7.000000 7.000000 7.000000 7.000000 7.000000 7.000000 7.000000 7.000000 7.000000 7.000000 7.000000 0.075000 7.000000 7.000000 7.000000 7.000000 7.000000 7.000000 7.000000 
7.470946 614 7.000000 7.000000 7.000000 7.000000 7.000000 7.000000 7.000000 7.000000 7.000000 7.000000 7.000000 7.000000 7.000000 7.000000 7.000000 7.000000 7.000000 7.000000 7.000000 7.000000 7.000000 7.000000 7.000000 7.000000 0.094118 7.000000 7.000000 7.000000 7.000000 7.000000 7.000000 7.000000 
7.635876 614 7.000000 7.000000 7.000000 7.000000 7.000000 7.000000 7.000000 7.000000 7.000000 7.000000 7.000000 7.000000 7.000000 7.000000 7.000000 7.000000 7.000000 7.000000 7.000000 7.000000 7.000000 7.000000 7.000000 7.000000 0.258824 7.000000 7.000000 7.000000 7.000000 7.000000 7.000000 7.000000 
7.802889 614 7.000000 7.000000 7.000000 7.000000 7.000000 7.000000 7.000000 7.000000 7.000000 7.000000 7.000000 7.000000 7.000000 7.000000 7.000000 7.000000 7.000000 7.000000 7.000000 7.000000 7.000000 7.000000 7.000000 7.000000 0.000000 7.000000 7.000000 7.000000 7.000000 7.000000 7.000000 7.000000 
7.970879 614 7.000000 7.000000 7.000000 7.000000 7.000000 7.000000 7.000000 7.000000 7.000000 7.000000 7.000000 7.000000 7.000000 7.000000 7.000000 7.000000 7.000000 7.000000 7.000000 7.000000 7.000000 7.000000 7.000000 7.000000 0.329412 7.000000 7.000000 7.000000 7.000000 7.000000 7.000000 7.000000 
8.115663 614 7.000000 6.250000 5.300000 3.593333 7.000000 7.000000 7.000000 2.450000 4.714286 7.000000 7.000000 7.000000 2.240000 7.000000 7.000000 7.000000 4.342857 6.393333 4.375000 4.742857 7.000000 7.000000 7.000000 5.366666 0.520000 7.000000 4.557143 5.026667 4.346667 5.880000 7.000000 7.000000 
8.232749 614 7.000000 3.266667 4.000000 7.000000 7.000000 7.000000 5.541667 0.200000 4.000000 7.000000 7.000000 7.000000 0.433333 7.000000 3.800000 0.636364 4.000000 2.366667 1.127273 0.000000 7.000000 6.618182 7.000000 0.254545 2.966667 7.000000 4.000000 0.000000 4.000000 3.333333 4.450000 4.830770 
8.361283 614 7.000000 4.000000 0.000000 4.671429 7.000000 6.450000 0.784615 1.076923 4.000000 7.000000 5.384615 7.000000 0.430769 7.000000 0.000000 2.061538 4.000000 4.000000 0.000000 1.100000 7.000000 3.646154 4.938461 2.923077 0.966667 7.000000 4.000000 4.000000 4.000000 4.000000 4.000000 4.000000 
8.486419 614 7.000000 4.000000 1.123077 6.838461 7.000000 7.000000 0.333333 0.000000 4.000000 5.438461 0.400000 7.000000 0.000000 7.000000 0.000000 0.000000 0.000000 4.000000 3.766667 0.000000 7.000000 4.000000 2.333333 4.000000 0.092308 7.000000 0.000000 4.000000 4.000000 4.000000 4.000000 0.000000 
8.603526 614 7.000000 4.000000 7.000000 5.027273 7.000000 0.000000 0.200000 2.000000 4.000000 3.890909 0.000000 7.000000 0.200000 7.000000 0.000000 2.690909 4.000000 4.000000 0.000000 0.000000 7.000000 4.000000 4.000000 4.000000 0.000000 7.000000 4.000000 4.000000 4.000000 4.000000 4.000000 4.000000 
8.721643 670 7.000000 0.000000 7.000000 0.000000 7.000000 0.366667 3.133333 0.000000 0.000000 4.000000 1.633333 7.000000 0.433333 7.000000 3.633333 0.000000 4.000000 4.000000 0.066667 0.000000 4.145455 4.000000 4.000000 4.000000 0.000000 7.000000 4.000000 4.000000 4.000000 4.000000 4.000000 4.000000 
8.838813 670 7.000000 4.000000 7.000000 3.366667 7.000000 3.200000 0.000000 1.600000 4.000000 0.000000 0.000000 7.000000 0.000000 7.000000 0.000000 3.500000 4.000000 4.000000 0.166667 0.466667 4.000000 4.000000 4.000000 4.000000 0.166667 7.000000 4.000000 4.000000 4.000000 4.000000 4.000000 4.000000 
8.956260 670 7.000000 0.000000 7.000000 0.000000 6.766667 0.000000 3.000000 0.000000 4.000000 4.000000 1.766667 7.000000 0.433333 4.953846 3.766667 0.000000 4.000000 4.000000 0.200000 0.000000 4.000000 4.000000 4.000000 4.000000 0.166667 7.000000 0.000000 4.000000 0.000000 4.000000 4.000000 4.000000 
9.073334 670 7.000000 0.366667 7.000000 0.109091 3.345454 0.000000 0.966667 0.318182 4.000000 0.000000 1.433333 7.000000 0.433333 3.890909 0.000000 0.000000 4.000000 4.000000 4.000000 0.200000 4.000000 4.000000 4.000000 4.000000 0.033333 7.000000 4.000000 4.000000 4.000000 4.000000 4.000000 4.000000 
9.190372 670 7.000000 0.327273 7.000000 0.566667 4.000000 0.366667 0.000000 0.318182 4.000000 0.333333 0.000000 7.000000 0.433333 0.000000 0.000000 0.145455 4.000000 4.000000 4.000000 0.000000 4.000000 4.000000 4.000000 4.000000 0.000000 7.000000 4.000000 4.000000 4.000000 4.000000 4.000000 4.000000 
9.307430 670 7.000000 0.366667 7.000000 0.000000 4.000000 0.000000 0.166667 0.366667 4.000000 0.200000 0.000000 7.000000 0.000000 4.000000 2.733333 0.166667 4.000000 4.000000 4.000000 0.200000 4.000000 4.000000 4.000000 4.000000 0.166667 7.000000 4.000000 4.000000 4.000000 4.000000 4.000000 4.000000 
9.425822 670 5.250000 0.133333 7.000000 0.066667 0.000000 0.300000 0.166667 0.500000 4.000000 0.300000 1.166667 7.000000 0.400000 4.000000 0.066667 0.000000 0.000000 4.000000 4.000000 0.066667 0.000000 4.000000 4.000000 4.000000 0.000000 7.000000 4.000000 4.000000 0.000000 4.000000 4.000000 4.000000 
9.549283 670 0.492308 0.000000 7.000000 3.538461 2.600000 2.800000 0.000000 0.066667 0.000000 3.500000 0.000000 7.000000 2.092308 4.000000 4.000000 4.000000 0.466667 0.000000 4.000000 3.600000 0.800000 4.000000 4.000000 4.000000 2.700000 7.000000 4.000000 4.000000 4.000000 4.000000 4.000000 4.000000 
9.670253 670 0.266667 0.200000 7.000000 0.000000 0.000000 0.000000 0.266667 1.866667 0.166667 4.000000 0.408333 7.000000 0.000000 4.000000 4.000000 4.000000 0.866667 4.000000 0.000000 0.000000 4.000000 4.000000 4.000000 4.000000 0.000000 7.000000 4.000000 4.000000 4.000000 4.000000 4.000000 4.000000 
9.793828 670 0.166667 0.400000 7.000000 0.033333 0.584615 1.233333 0.215385 0.000000 0.000000 4.000000 0.661538 7.000000 0.000000 4.000000 4.000000 4.000000 0.123077 4.000000 4.000000 4.000000 0.000000 4.000000 4.000000 4.000000 0.338462 7.000000 4.000000 4.000000 4.000000 4.000000 4.000000 4.000000 
9.916425 670 0.492308 0.066667 7.000000 0.215385 0.916667 0.000000 0.266667 1.866667 0.000000 4.000000 0.166667 7.000000 0.200000 4.000000 4.000000 4.000000 0.066667 4.000000 4.000000 4.000000 4.000000 0.000000 4.000000 4.000000 0.000000 7.000000 4.000000 4.000000 4.000000 4.000000 4.000000 4.000000 
10.037576 670 0.266667 0.200000 7.000000 0.000000 0.408333 1.366667 0.133333 0.000000 0.166667 4.000000 0.233333 7.000000 0.033333 4.000000 4.000000 4.000000 0.000000 4.000000 4.000000 4.000000 4.000000 4.000000 0.000000 0.000000 0.000000 7.000000 4.000000 4.000000 4.000000 4.000000 4.000000 4.000000 
10.161152 670 0.166667 0.369231 7.000000 1.100000 0.433333 0.000000 0.092308 0.584615 0.307692 4.000000 0.133333 7.000000 0.000000 4.000000 4.000000 4.000000 0.492308 4.000000 4.000000 4.000000 4.000000 4.000000 4.000000 4.000000 0.000000 7.000000 4.000000 4.000000 4.000000 4.000000 4.000000 4.000000 
10.291486 670 0.369231 3.900000 7.000000 0.000000 3.784615 1.692308 4.000000 0.000000 2.984615 4.000000 2.646154 0.116667 3.784615 4.000000 4.000000 0.000000 0.200000 4.000000 4.000000 0.000000 4.000000 4.000000 4.000000 4.000000 2.553846 7.000000 4.000000 4.000000 4.000000 4.000000 4.000000 4.000000 
10.423245 670 0.184615 0.000000 7.000000 3.169231 0.000000 0.000000 4.000000 1.000000 0.000000 4.000000 4.000000 3.685714 0.000000 4.000000 4.000000 0.000000 4.000000 4.000000 4.000000 0.000000 4.000000 4.000000 4.000000 4.000000 0.000000 7.000000 0.000000 0.000000 4.000000 4.000000 4.000000 4.000000 
10.555051 670 0.215385 0.153846 7.000000 0.000000 0.830769 1.200000 4.000000 0.000000 0.153846 4.000000 0.000000 0.000000 1.723077 4.000000 4.000000 1.828571 4.000000 4.000000 4.000000 4.000000 4.000000 4.000000 4.000000 4.000000 0.257143 7.000000 4.000000 4.000000 0.000000 4.000000 4.000000 4.000000 
10.686421 656 0.457143 0.092308 7.000000 3.415385 0.600000 0.000000 4.000000 0.615385 0.092308 4.000000 4.000000 3.538461 0.000000 4.000000 4.000000 1.107692 4.000000 4.000000 4.000000 4.000000 4.000000 4.000000 4.000000 4.000000 0.000000 7.000000 4.000000 4.000000 4.000000 0.000000 0.000000 4.000000 
10.817986 656 0.215385 0.153846 7.000000 0.000000 0.800000 1.171429 4.000000 0.000000 0.153846 4.000000 0.000000 0.000000 0.000000 4.000000 4.000000 0.030769 4.000000 4.000000 4.000000 4.000000 4.000000 0.000000 4.000000 4.000000 0.000000 7.000000 4.000000 4.000000 4.000000 4.000000 4.000000 0.000000 
10.949317 656 0.153846 0.092308 7.000000 2.800000 0.369231 0.000000 4.000000 0.800000 0.257143 4.000000 4.000000 3.685714 2.314286 4.000000 4.000000 0.000000 4.000000 4.000000 4.000000 4.000000 4.000000 4.000000 4.000000 4.000000 0.000000 7.000000 4.000000 4.000000 4.000000 4.000000 4.000000 4.000000 
11.081158 656 0.215385 0.400000 7.000000 0.000000 0.769231 0.953846 0.000000 0.000000 0.246154 4.000000 0.000000 0.000000 0.000000 4.000000 4.000000 0.153846 4.000000 4.000000 4.000000 4.000000 4.000000 4.000000 4.000000 4.000000 0.000000 7.000000 4.000000 4.000000 4.000000 4.000000 4.000000 4.000000 
11.212276 656 0.184615 0.000000 7.000000 3.169231 2.492308 0.000000 4.000000 0.923077 0.000000 4.000000 4.000000 3.538461 0.000000 4.000000 4.000000 0.171429 4.000000 4.000000 4.000000 4.000000 4.000000 4.000000 4.000000 4.000000 0.257143 7.000000 4.000000 4.000000 4.000000 4.000000 4.000000 4.000000 
11.343657 656 0.492308 0.400000 7.000000 0.000000 0.000000 0.000000 4.000000 0.000000 0.369231 4.000000 0.000000 0.000000 0.000000 4.000000 4.000000 0.000000 4.000000 4.000000 4.000000 4.000000 4.000000 4.000000 4.000000 4.000000 0.092308 7.000000 4.000000 4.000000 4.000000 4.000000 4.000000 4.000000 
11.466834 656 0.338462 0.033333 7.000000 0.233333 3.661538 0.000000 0.000000 0.969231 3.233333 4.000000 4.000000 0.616667 0.000000 4.000000 4.000000 0.000000 4.000000 4.000000 4.000000 4.000000 4.000000 4.000000 4.000000 4.000000 0.000000 7.000000 4.000000 4.000000 4.000000 4.000000 4.000000 4.000000 
11.598195 656 0.400000 4.000000 7.000000 0.000000 0.000000 0.971429 4.000000 0.184615 0.000000 4.000000 0.000000 0.123077 2.215385 4.000000 4.000000 0.000000 4.000000 4.000000 4.000000 0.000000 4.000000 4.000000 4.000000 4.000000 0.215385 4.215384 4.000000 4.000000 4.000000 4.000000 4.000000 4.000000 
11.730794 656 0.153846 0.000000 7.000000 0.000000 1.723077 1.938462 4.000000 0.615385 2.685714 0.000000 4.000000 0.000000 4.000000 0.000000 4.000000 0.000000 4.000000 4.000000 4.000000 0.000000 4.000000 4.000000 4.000000 4.000000 0.000000 4.000000 4.000000 4.000000 4.000000 4.000000 4.000000 4.000000 
11.860841 656 0.215385 0.257143 7.000000 0.553846 0.338462 0.000000 4.000000 0.714286 0.030769 0.000000 4.000000 0.371429 4.000000 0.000000 4.000000 0.000000 4.000000 4.000000 4.000000 3.914286 4.000000 4.000000 4.000000 4.000000 0.000000 4.000000 4.000000 4.000000 4.000000 4.000000 4.000000 4.000000 
11.987250 656 0.400000 0.000000 7.000000 0.000000 0.000000 1.266667 0.000000 0.816667 0.000000 0.092308 0.000000 0.133333 4.000000 0.000000 4.000000 0.092308 4.000000 4.000000 4.000000 4.000000 4.000000 4.000000 4.000000 4.000000 0.092308 4.000000 0.000000 4.000000 4.000000 4.000000 4.000000 4.000000 
12.118818 656 0.184615 2.676923 7.000000 0.285714 0.000000 0.000000 0.000000 0.646154 0.153846 0.092308 4.000000 0.000000 4.000000 0.400000 4.000000 0.092308 4.000000 4.000000 4.000000 4.000000 4.000000 4.000000 4.000000 4.000000 0.061538 4.000000 4.000000 4.000000 4.000000 4.000000 4.000000 4.000000 
12.249812 656 0.246154 0.000000 7.000000 0.430769 0.461538 0.123077 4.000000 0.723077 0.314286 0.000000 4.000000 0.092308 4.000000 0.000000 4.000000 0.000000 4.000000 4.000000 4.000000 4.000000 4.000000 4.000000 4.000000 4.000000 0.000000 4.000000 4.000000 4.000000 4.000000 4.000000 4.000000 4.000000 
12.380743 656 0.246154 0.257143 7.000000 0.430769 0.000000 0.615385 4.000000 0.753846 0.030769 0.000000 4.000000 0.600000 4.000000 0.000000 4.000000 0.000000 4.000000 4.000000 4.000000 0.000000 4.000000 4.000000 4.000000 4.000000 0.000000 4.000000 4.000000 4.000000 4.000000 4.000000 4.000000 4.000000 
12.509602 656 0.215385 0.000000 7.000000 0.430769 0.092308 0.000000 4.000000 0.000000 0.000000 0.092308 4.000000 0.000000 4.000000 0.123077 4.000000 0.092308 4.000000 4.000000 4.000000 4.000000 4.000000 4.000000 4.000000 4.000000 2.676923 4.000000 4.000000 4.000000 4.000000 4.000000 4.000000 4.000000 
12.640186 656 0.276923 0.371429 7.000000 0.630769 0.000000 0.984615 0.000000 0.971429 1.384615 0.000000 4.000000 0.485714 4.000000 0.123077 4.000000 0.092308 4.000000 4.000000 4.000000 4.000000 4.000000 4.000000 4.000000 4.000000 0.092308 4.000000 4.000000 4.000000 4.000000 4.000000 4.000000 4.000000 
12.771862 612 0.184615 0.000000 7.000000 0.646154 0.092308 0.830769 4.000000 0.066667 0.030769 0.092308 4.000000 0.000000 4.000000 0.000000 4.000000 0.257143 4.000000 4.000000 4.000000 4.000000 4.000000 4.000000 4.000000 4.000000 0.371429 4.000000 4.000000 4.000000 4.000000 4.000000 4.000000 4.000000 
12.900671 612 0.276923 0.257143 7.000000 0.938462 0.000000 0.000000 4.000000 0.750000 0.153846 0.000000 4.000000 0.485714 4.000000 0.123077 4.000000 0.000000 4.000000 4.000000 4.000000 4.000000 4.000000 4.000000 4.000000 4.000000 0.000000 4.000000 4.000000 4.000000 4.000000 4.000000 4.000000 4.000000 
13.032274 612 0.184615 0.000000 7.000000 0.000000 0.092308 0.707692 4.000000 0.676923 0.000000 0.000000 4.000000 0.092308 4.000000 0.000000 4.000000 0.371429 4.000000 4.000000 4.000000 4.000000 4.000000 4.000000 4.000000 4.000000 0.257143 4.000000 4.000000 4.000000 4.000000 4.000000 4.000000 4.000000 
13.161823 612 0.276923 1.514286 7.000000 0.461538 0.000000 0.000000 4.000000 0.815385 0.646154 1.569231 4.000000 0.092308 4.000000 0.000000 4.000000 0.000000 4.000000 4.000000 4.000000 4.000000 4.000000 4.000000 4.000000 4.000000 0.000000 4.000000 4.000000 4.000000 4.000000 4.000000 4.000000 4.000000 
13.289958 612 0.215385 0.000000 7.000000 0.430769 0.000000 0.246154 4.000000 0.430769 0.153846 0.000000 4.000000 0.000000 4.000000 0.123077 4.000000 0.092308 4.000000 4.000000 4.000000 4.000000 4.000000 4.000000 4.000000 4.000000 0.092308 4.000000 4.000000 4.000000 4.000000 4.000000 4.000000 4.000000 
13.420428 612 0.276923 0.371429 7.000000 0.876923 0.092308 0.276923 4.000000 0.492308 0.153846 0.092308 4.000000 0.485714 4.000000 0.123077 4.000000 0.092308 4.000000 4.000000 4.000000 4.000000 4.000000 4.000000 4.000000 4.000000 0.092308 4.000000 4.000000 4.000000 4.000000 4.000000 4.000000 4.000000 
13.547744 612 0.338462 0.000000 7.000000 0.000000 0.092308 1.366667 4.000000 0.783333 0.000000 0.000000 0.000000 0.033333 4.000000 0.000000 4.000000 0.000000 4.000000 4.000000 4.000000 4.000000 4.000000 4.000000 4.000000 4.000000 0.000000 4.000000 4.000000 4.000000 4.000000 4.000000 4.000000 4.000000 
13.677529 612 0.246154 0.061538 7.000000 0.461538 0.092308 0.485714 4.000000 0.538462 0.153846 1.076923 4.000000 0.092308 4.000000 0.400000 4.000000 0.215385 4.000000 4.000000 4.000000 4.000000 4.000000 4.000000 4.000000 4.000000 0.215385 4.000000 4.000000 4.000000 4.000000 4.000000 4.000000 4.000000 
13.810341 612 0.153846 0.000000 7.000000 0.338462 0.000000 0.000000 4.000000 0.646154 0.314286 0.000000 4.000000 0.000000 4.000000 0.000000 4.000000 0.000000 4.000000 4.000000 4.000000 4.000000 4.000000 4.000000 4.000000 4.000000 0.000000 4.000000 4.000000 4.000000 4.000000 4.000000 4.000000 4.000000 
13.942044 612 0.184615 0.257143 7.000000 0.061538 0.000000 1.446154 4.000000 0.942857 0.030769 0.000000 4.000000 0.371429 4.000000 0.000000 4.000000 0.000000 4.000000 4.000000 4.000000 4.000000 4.000000 4.000000 4.000000 4.000000 0.000000 4.000000 4.000000 4.000000 4.000000 4.000000 4.000000 4.000000 
14.073682 612 0.184615 0.000000 7.000000 0.000000 0.000000 0.000000 4.000000 0.707692 0.030769 0.000000 0.000000 0.215385 4.000000 0.000000 4.000000 0.257143 4.000000 4.000000 4.000000 4.000000 4.000000 4.000000 4.000000 4.000000 0.257143 4.000000 4.000000 4.000000 4.000000 4.000000 4.000000 4.000000 
14.205297 612 0.457143 0.000000 7.000000 0.771429 0.257143 2.430769 0.000000 0.369231 0.030769 0.257143 4.000000 0.092308 4.000000 0.000000 4.000000 0.000000 4.000000 4.000000 4.000000 4.000000 4.000000 4.000000 4.000000 4.000000 0.000000 4.000000 4.000000 4.000000 4.000000 4.000000 4.000000 4.000000 
14.336857 612 0.215385 0.000000 7.000000 0.000000 0.092308 0.000000 4.000000 0.707692 0.428571 0.000000 4.000000 0.092308 4.000000 0.400000 4.000000 0.092308 4.000000 4.000000 4.000000 0.000000 4.000000 4.000000 4.000000 4.000000 0.000000 4.000000 4.000000 4.000000 4.000000 4.000000 4.000000 4.000000 
14.467981 612 0.215385 0.000000 7.000000 0.430769 0.000000 0.333333 4.000000 1.285714 0.000000 0.092308 4.000000 0.092308 0.000000 0.000000 4.000000 0.000000 4.000000 4.000000 4.000000 4.000000 4.000000 4.000000 4.000000 4.000000 0.000000 4.000000 4.000000 4.000000 4.000000 4.000000 4.000000 4.000000 
14.597816 612 0.153846 0.092308 7.000000 0.369231 0.000000 0.371429 4.000000 0.369231 0.314286 0.000000 4.000000 0.092308 4.000000 0.285714 4.000000 0.000000 4.000000 4.000000 4.000000 4.000000 4.000000 4.000000 4.000000 4.000000 0.092308 4.000000 4.000000 4.000000 4.000000 4.000000 4.000000 4.000000 
14.729297 550 0.276923 0.000000 7.000000 0.876923 0.000000 0.246154 4.000000 0.246154 0.153846 0.000000 4.000000 0.215385 4.000000 0.123077 4.000000 0.092308 4.000000 4.000000 4.000000 4.000000 4.000000 4.000000 4.000000 4.000000 0.000000 4.000000 4.000000 4.000000 4.000000 4.000000 4.000000 4.000000 
14.872463 550 0.142857 0.257143 7.000000 0.000000 0.371429 0.400000 4.000000 0.933333 0.285714 0.257143 4.000000 0.400000 4.000000 0.285714 4.000000 0.080000 4.000000 4.000000 4.000000 4.000000 4.000000 4.000000 4.000000 4.000000 0.506667 4.000000 4.000000 4.000000 4.000000 4.000000 4.000000 4.000000 
15.003928 550 0.215385 0.000000 7.000000 0.400000 0.000000 0.861538 0.000000 0.000000 0.000000 0.000000 0.000000 0.000000 0.000000 0.000000 4.000000 2.033333 4.000000 4.000000 4.000000 4.000000 4.000000 4.000000 4.000000 4.000000 0.000000 4.000000 0.000000 4.000000 4.000000 4.000000 4.000000 4.000000 
15.131401 550 0.307692 2.033333 7.000000 0.523077 0.000000 0.215385 0.000000 0.876923 0.153846 0.000000 4.000000 0.000000 4.000000 1.600000 4.000000 0.000000 4.000000 4.000000 4.000000 4.000000 4.000000 4.000000 4.000000 4.000000 0.000000 4.000000 4.000000 4.000000 4.000000 4.000000 4.000000 4.000000 
15.261262 550 0.246154 0.371429 7.000000 0.430769 0.000000 0.461538 4.000000 0.323077 0.030769 0.092308 4.000000 0.457143 4.000000 0.000000 4.000000 1.569231 4.000000 4.000000 4.000000 4.000000 4.000000 4.000000 4.000000 4.000000 0.061538 4.000000 4.000000 4.000000 4.000000 4.000000 4.000000 4.000000 
15.392563 550 0.184615 0.000000 7.000000 0.092308 0.000000 0.000000 4.000000 0.676923 0.153846 0.000000 4.000000 0.092308 4.000000 0.123077 4.000000 0.000000 4.000000 4.000000 4.000000 4.000000 4.000000 4.000000 4.000000 4.000000 0.257143 4.000000 4.000000 4.000000 4.000000 4.000000 4.000000 4.000000 
15.521699 550 0.215385 0.257143 7.000000 0.400000 3.633333 0.000000 4.000000 0.646154 0.030769 0.092308 4.000000 0.092308 4.000000 0.000000 0.000000 0.000000 4.000000 4.000000 4.000000 4.000000 4.000000 4.000000 4.000000 4.000000 0.000000 4.000000 4.000000 4.000000 4.000000 4.000000 4.000000 4.000000 
15.656292 550 0.153846 0.092308 7.000000 0.484615 0.257143 0.246154 0.000000 0.123077 0.030769 0.257143 4.000000 0.092308 4.000000 1.085714 4.000000 2.200000 4.000000 4.000000 4.000000 4.000000 4.000000 4.000000 4.000000 4.000000 0.371429 4.000000 4.000000 4.000000 4.000000 4.000000 4.000000 4.000000 
15.785594 550 0.514286 0.000000 7.000000 0.615385 0.000000 0.000000 4.000000 0.000000 0.000000 0.000000 4.000000 0.092308 0.000000 0.000000 4.000000 4.000000 4.000000 4.000000 4.000000 4.000000 4.000000 4.000000 4.000000 4.000000 0.000000 4.000000 4.000000 4.000000 4.000000 4.000000 4.000000 4.000000 
15.914661 550 0.033333 0.000000 7.000000 0.184615 3.415385 1.692308 4.000000 0.938462 2.830769 0.000000 4.000000 0.215385 4.000000 0.123077 4.000000 0.000000 4.000000 4.000000 4.000000 4.000000 4.000000 4.000000 4.000000 4.000000 0.092308 4.000000 4.000000 4.000000 4.000000 4.000000 4.000000 4.000000 
16.046727 550 0.457143 0.000000 7.000000 0.000000 0.000000 0.000000 4.000000 0.769231 0.030769 0.371429 4.000000 0.092308 4.000000 0.000000 0.000000 0.092308 4.000000 4.000000 4.000000 4.000000 4.000000 4.000000 4.000000 4.000000 0.092308 4.000000 4.000000 4.000000 4.000000 4.000000 4.000000 4.000000 
16.175122 550 0.000000 0.830769 7.000000 0.523077 0.461538 1.353846 4.000000 0.784615 0.000000 0.000000 4.000000 0.215385 4.000000 0.123077 4.000000 0.000000 4.000000 4.000000 4.000000 4.000000 4.000000 4.000000 4.000000 4.000000 0.000000 4.000000 4.000000 4.000000 4.000000 4.000000 4.000000 4.000000 
16.305137 550 0.485714 0.092308 7.000000 0.400000 0.092308 0.000000 4.000000 0.850000 2.738461 0.371429 4.000000 0.215385 4.000000 0.000000 4.000000 2.061538 4.000000 4.000000 4.000000 0.000000 4.000000 4.000000 4.000000 4.000000 0.092308 4.000000 4.000000 4.000000 4.000000 4.000000 4.000000 4.000000 
16.433769 550 0.000000 0.000000 7.000000 0.430769 0.092308 1.107692 4.000000 0.175000 0.153846 0.000000 4.000000 0.092308 4.000000 0.123077 4.000000 0.000000 4.000000 4.000000 4.000000 0.000000 4.000000 4.000000 4.000000 4.000000 0.000000 4.000000 4.000000 4.000000 4.000000 4.000000 4.000000 4.000000 
16.565241 550 0.542857 0.092308 7.000000 1.342857 0.000000 0.000000 4.000000 0.742857 0.153846 0.228571 4.000000 0.215385 4.000000 0.123077 4.000000 0.092308 0.000000 4.000000 4.000000 0.092308 4.000000 4.000000 4.000000 4.000000 0.092308 4.000000 4.000000 4.000000 4.000000 4.000000 4.000000 4.000000 
16.696132 496 0.184615 0.000000 7.000000 0.000000 0.000000 2.314286 4.000000 0.492308 0.314286 0.092308 4.000000 0.092308 4.000000 0.285714 4.000000 0.000000 4.000000 4.000000 4.000000 2.953846 4.000000 4.000000 4.000000 4.000000 0.000000 4.000000 4.000000 4.000000 4.000000 4.000000 4.000000 4.000000 
16.827510 496 0.215385 0.092308 7.000000 0.630769 0.215385 0.000000 4.000000 0.646154 0.000000 0.000000 4.000000 0.092308 4.000000 0.000000 4.000000 0.000000 4.000000 4.000000 4.000000 4.000000 4.000000 4.000000 4.000000 4.000000 0.092308 4.000000 4.000000 4.000000 4.000000 4.000000 4.000000 4.000000 
16.955309 496 0.000000 0.000000 7.000000 0.350000 0.000000 0.000000 4.000000 0.000000 0.153846 0.000000 4.000000 0.184615 4.000000 0.123077 4.000000 0.092308 4.000000 4.000000 4.000000 4.000000 4.000000 4.000000 4.000000 4.000000 0.000000 4.000000 4.000000 4.000000 4.000000 4.000000 4.000000 4.000000 
17.085273 496 0.485714 0.092308 7.000000 0.685714 0.092308 1.600000 4.000000 0.661538 0.030769 0.371429 4.000000 0.215385 4.000000 0.000000 4.000000 2.061538 0.000000 0.000000 4.000000 4.000000 4.000000 4.000000 4.000000 4.000000 0.092308 4.000000 4.000000 4.000000 4.000000 4.000000 4.000000 4.000000 
17.216610 496 0.000000 0.000000 7.000000 0.061538 0.092308 1.628571 0.000000 0.676923 0.428571 0.000000 4.000000 0.092308 4.000000 0.400000 4.000000 0.000000 4.000000 4.000000 4.000000 4.000000 4.000000 4.000000 4.000000 4.000000 0.000000 4.000000 4.000000 4.000000 4.000000 4.000000 4.000000 4.000000 
17.347882 496 0.485714 0.000000 7.000000 0.430769 0.000000 0.000000 4.000000 0.523077 0.000000 0.092308 4.000000 0.215385 4.000000 0.000000 4.000000 0.000000 4.000000 4.000000 4.000000 4.000000 4.000000 4.000000 4.000000 4.000000 0.000000 4.000000 4.000000 4.000000 4.000000 4.000000 4.000000 4.000000 
17.480835 496 0.123077 0.371429 7.000000 0.307692 0.000000 1.857143 4.000000 0.514286 0.428571 0.000000 4.000000 0.257143 4.000000 0.400000 4.000000 2.184615 4.000000 0.000000 0.000000 4.000000 4.000000 4.000000 4.000000 4.000000 3.657143 4.000000 4.000000 4.000000 4.000000 4.000000 4.000000 4.000000 
17.609895 496 0.215385 0.000000 7.000000 0.400000 0.000000 0.000000 4.000000 0.116667 0.000000 0.000000 4.000000 0.000000 4.000000 0.000000 4.000000 0.000000 0.000000 4.000000 4.000000 4.000000 4.000000 4.000000 4.000000 4.000000 0.000000 4.000000 4.000000 4.000000 4.000000 4.000000 4.000000 4.000000 
17.740367 496 0.276923 0.371429 7.000000 0.907692 0.000000 0.246154 4.000000 0.742857 2.861538 0.000000 4.000000 0.485714 4.000000 0.123077 4.000000 0.092308 4.000000 4.000000 4.000000 4.000000 4.000000 4.000000 4.000000 4.000000 0.371429 4.000000 4.000000 4.000000 4.000000 4.000000 4.000000 4.000000 
17.867864 496 0.338462 0.000000 7.000000 0.000000 0.092308 0.000000 4.000000 1.138462 0.000000 0.092308 4.000000 0.033333 4.000000 0.000000 4.000000 0.000000 4.000000 4.000000 4.000000 4.000000 4.000000 4.000000 4.000000 4.000000 0.000000 4.000000 4.000000 4.000000 4.000000 4.000000 4.000000 4.000000 
17.997652 496 0.246154 0.000000 7.000000 0.685714 0.092308 1.857143 0.000000 0.692308 0.428571 0.092308 0.000000 0.092308 4.000000 0.400000 4.000000 2.061538 4.000000 4.000000 0.000000 0.000000 4.000000 4.000000 4.000000 4.000000 0.215385 4.000000 0.000000 4.000000 4.000000 4.000000 4.000000 4.000000 
18.129969 496 0.153846 2.307692 7.000000 0.338462 0.000000 0.000000 4.000000 0.600000 0.030769 0.000000 0.000000 0.000000 4.000000 0.000000 4.000000 0.092308 4.000000 4.000000 4.000000 4.000000 4.000000 4.000000 4.000000 4.000000 0.000000 4.000000 4.000000 4.000000 4.000000 4.000000 4.000000 4.000000 
18.261251 496 0.184615 0.257143 7.000000 0.400000 0.000000 0.000000 4.000000 0.569231 0.030769 0.000000 4.000000 0.485714 4.000000 0.000000 4.000000 0.000000 4.000000 4.000000 4.000000 4.000000 4.000000 4.000000 4.000000 4.000000 0.257143 4.000000 4.000000 4.000000 4.000000 4.000000 4.000000 4.000000 
18.400798 496 0.228571 0.257143 7.000000 0.114286 0.371429 1.514286 4.000000 0.714286 0.200000 0.371429 4.000000 0.142857 4.000000 0.171429 4.000000 0.000000 4.000000 4.000000 4.000000 0.000000 4.000000 4.000000 4.000000 4.000000 0.257143 4.000000 4.000000 4.000000 4.000000 4.000000 4.000000 4.000000 
18.531870 496 0.215385 0.000000 7.000000 0.430769 0.000000 0.000000 4.000000 0.369231 0.030769 0.000000 4.000000 0.000000 4.000000 0.000000 4.000000 0.142857 4.000000 4.000000 4.000000 0.000000 0.000000 4.000000 4.000000 4.000000 0.000000 0.000000 4.000000 4.000000 4.000000 4.000000 4.000000 4.000000 
18.660245 496 0.276923 0.092308 7.000000 0.350000 0.000000 2.800000 4.000000 0.175000 0.153846 0.000000 4.000000 0.457143 4.000000 0.123077 4.000000 0.000000 4.000000 4.000000 4.000000 4.000000 4.000000 4.000000 4.000000 4.000000 0.092308 4.000000 4.000000 4.000000 4.000000 4.000000 4.000000 4.000000 
18.791042 480 0.215385 0.092308 7.000000 0.657143 0.092308 0.000000 0.000000 1.000000 0.030769 0.092308 4.000000 0.000000 4.000000 0.000000 4.000000 2.061538 4.000000 4.000000 4.000000 4.000000 4.000000 4.000000 4.000000 4.000000 0.000000 4.000000 4.000000 4.000000 4.000000 4.000000 4.000000 4.000000 
18.921095 480 0.276923 0.257143 7.000000 0.430769 0.000000 1.476923 4.000000 0.692308 0.000000 0.000000 4.000000 0.457143 4.000000 0.123077 4.000000 0.000000 4.000000 4.000000 4.000000 4.000000 4.000000 4.000000 4.000000 4.000000 0.228571 4.000000 4.000000 4.000000 4.000000 4.000000 4.000000 4.000000 
19.052710 480 0.676923 0.000000 7.000000 0.430769 0.714286 0.000000 4.000000 0.461538 0.153846 0.000000 4.000000 0.000000 4.000000 4.000000 4.000000 0.085714 4.000000 4.000000 4.000000 4.000000 0.000000 0.000000 4.000000 4.000000 0.000000 4.000000 4.000000 4.000000 4.000000 4.000000 4.000000 4.000000 
19.181587 480 0.707692 0.584615 7.000000 0.123077 0.033333 1.538462 4.000000 0.461538 0.400000 0.000000 4.000000 0.000000 4.000000 4.000000 4.000000 0.000000 4.000000 4.000000 4.000000 4.000000 4.000000 4.000000 4.000000 4.000000 0.000000 4.000000 4.000000 4.000000 4.000000 4.000000 4.000000 4.000000 
19.313585 480 0.215385 0.092308 7.000000 0.215385 2.657143 0.000000 4.000000 0.830769 0.246154 0.523077 4.000000 0.369231 4.000000 4.000000 4.000000 0.314286 4.000000 4.000000 4.000000 4.000000 4.000000 4.000000 4.000000 4.000000 0.092308 4.000000 4.000000 4.000000 4.000000 4.000000 4.000000 4.000000 
19.444318 480 0.457143 0.000000 7.000000 0.523077 0.742857 1.446154 4.000000 0.400000 2.615385 0.600000 4.000000 0.000000 4.000000 0.000000 4.000000 0.215385 4.000000 4.000000 4.000000 4.000000 4.000000 4.000000 4.000000 4.000000 0.000000 4.000000 4.000000 4.000000 4.000000 4.000000 4.000000 4.000000 
19.571643 480 0.033333 0.000000 7.000000 0.123077 0.966667 0.000000 4.000000 0.650000 0.276923 0.300000 4.000000 0.033333 4.000000 0.246154 4.000000 0.000000 4.000000 4.000000 4.000000 4.000000 4.000000 0.000000 0.000000 4.000000 0.000000 4.000000 4.000000 4.000000 4.000000 4.000000 4.000000 4.000000 
19.704026 480 0.215385 0.342857 7.000000 0.369231 0.000000 1.107692 0.000000 0.400000 0.000000 0.092308 4.000000 0.142857 4.000000 0.000000 4.000000 0.000000 4.000000 4.000000 4.000000 4.000000 4.000000 4.000000 4.000000 4.000000 0.342857 4.000000 4.000000 4.000000 4.000000 4.000000 4.000000 4.000000 
19.833327 480 0.461538 0.000000 7.000000 0.430769 0.000000 0.000000 4.000000 0.661538 0.030769 0.000000 4.000000 0.215385 4.000000 0.000000 4.000000 2.200000 4.000000 4.000000 4.000000 4.000000 4.000000 4.000000 4.000000 4.000000 0.000000 4.000000 4.000000 4.000000 4.000000 4.000000 4.000000 4.000000 
19.964869 480 0.685714 0.000000 7.000000 0.461538 0.485714 0.000000 4.000000 0.400000 0.000000 0.257143 0.000000 0.092308 4.000000 4.000000 4.000000 0.000000 4.000000 4.000000 4.000000 4.000000 4.000000 4.000000 0.000000 0.000000 0.000000 4.000000 4.000000 4.000000 4.000000 4.000000 4.000000 4.000000 
20.093814 480 0.000000 3.169231 7.000000 0.430769 1.833333 1.261539 4.000000 0.400000 0.492308 0.000000 0.123077 0.092308 4.000000 4.000000 4.000000 0.092308 4.000000 4.000000 4.000000 4.000000 4.000000 4.000000 4.000000 4.000000 0.000000 4.000000 4.000000 4.000000 4.000000 4.000000 4.000000 4.000000 
20.225109 480 0.600000 0.215385 7.000000 1.114286 0.000000 0.000000 4.000000 0.492308 0.276923 0.257143 4.000000 0.215385 4.000000 0.000000 4.000000 0.000000 4.000000 4.000000 4.000000 4.000000 4.000000 4.000000 4.000000 4.000000 0.092308 4.000000 4.000000 4.000000 4.000000 4.000000 4.000000 4.000000 
20.356415 480 0.200000 0.000000 7.000000 0.123077 0.800000 0.000000 0.000000 0.707692 0.000000 0.092308 4.000000 0.092308 4.000000 0.000000 4.000000 0.092308 4.000000 4.000000 4.000000 0.000000 4.000000 4.000000 4.000000 0.000000 0.000000 4.000000 4.000000 4.000000 4.000000 4.000000 4.000000 4.000000 
20.487615 480 0.514286 0.000000 7.000000 0.430769 0.628571 1.353846 0.000000 0.646154 0.100000 0.000000 4.000000 0.092308 4.000000 0.066667 4.000000 0.215385 4.000000 4.000000 4.000000 4.000000 4.000000 4.000000 4.000000 0.000000 0.000000 4.000000 4.000000 4.000000 4.000000 4.000000 4.000000 4.000000 
20.615284 480 0.000000 0.092308 7.000000 0.723077 0.000000 1.692308 4.000000 0.269231 0.153846 0.000000 4.000000 0.184615 4.000000 0.123077 4.000000 0.092308 4.000000 4.000000 4.000000 4.000000 4.000000 4.000000 4.000000 4.000000 0.092308 4.000000 4.000000 4.000000 4.000000 4.000000 4.000000 4.000000 
20.745425 480 0.485714 0.092308 7.000000 0.400000 3.571429 0.092308 4.000000 1.142857 0.030769 0.000000 4.000000 0.215385 4.000000 0.000000 4.000000 2.061538 4.000000 4.000000 4.000000 4.000000 4.000000 4.000000 4.000000 4.000000 3.292308 4.000000 4.000000 4.000000 4.000000 4.000000 4.000000 4.000000 
20.873903 480 0.000000 0.000000 7.000000 0.430769 0.000000 0.000000 4.000000 0.116667 0.153846 3.233333 0.000000 0.092308 4.000000 0.123077 4.000000 0.000000 4.000000 4.000000 4.000000 4.000000 4.000000 4.000000 4.000000 4.000000 0.000000 4.000000 4.000000 4.000000 4.000000 4.000000 4.000000 4.000000 
21.004428 480 0.571429 0.000000 7.000000 0.907692 0.371429 0.000000 0.000000 0.771429 0.153846 0.371429 0.953846 0.215385 4.000000 0.123077 4.000000 0.092308 4.000000 4.000000 4.000000 4.000000 4.000000 4.000000 4.000000 4.000000 1.446154 0.000000 0.000000 4.000000 4.000000 4.000000 4.000000 4.000000 
21.131708 480 0.066667 2.033333 7.000000 0.000000 0.000000 1.353846 0.000000 0.650000 0.030769 0.000000 4.000000 0.033333 0.000000 0.000000 4.000000 0.000000 4.000000 4.000000 4.000000 4.000000 4.000000 4.000000 4.000000 4.000000 2.184615 4.000000 4.000000 4.000000 4.000000 4.000000 4.000000 4.000000 
21.261358 480 0.246154 0.342857 7.000000 0.553846 0.092308 0.000000 4.000000 0.661538 0.153846 0.061538 4.000000 0.371429 4.000000 1.969231 0.000000 2.061538 4.000000 4.000000 4.000000 4.000000 4.000000 4.000000 4.000000 4.000000 0.215385 4.000000 4.000000 4.000000 4.000000 4.000000 4.000000 4.000000 
21.392740 480 0.184615 0.000000 7.000000 0.000000 0.000000 2.553846 4.000000 0.800000 0.030769 0.000000 4.000000 0.215385 4.000000 0.000000 4.000000 0.000000 0.000000 4.000000 4.000000 4.000000 4.000000 4.000000 4.000000 4.000000 0.000000 4.000000 4.000000 4.000000 4.000000 4.000000 4.000000 4.000000 
21.521651 480 0.215385 0.000000 7.000000 0.430769 0.092308 0.000000 4.000000 0.484615 0.153846 0.092308 4.000000 0.000000 4.000000 0.123077 4.000000 0.000000 4.000000 0.000000 4.000000 4.000000 4.000000 4.000000 4.000000 4.000000 0.000000 0.000000 0.000000 4.000000 4.000000 4.000000 4.000000 4.000000 
21.652242 480 0.276923 0.092308 7.000000 0.630769 0.000000 1.846154 4.000000 0.738462 0.153846 0.228571 4.000000 0.215385 4.000000 0.123077 4.000000 0.371429 4.000000 4.000000 0.000000 4.000000 4.000000 4.000000 4.000000 4.000000 3.630769 4.000000 4.000000 4.000000 4.000000 4.000000 4.000000 4.000000 
21.783488 480 0.215385 0.092308 7.000000 0.630769 0.092308 0.000000 4.000000 0.369231 0.030769 0.000000 4.000000 0.092308 4.000000 0.000000 4.000000 0.000000 4.000000 4.000000 4.000000 0.000000 0.000000 4.000000 4.000000 4.000000 0.000000 4.000000 4.000000 4.000000 4.000000 4.000000 4.000000 4.000000 
21.914575 480 0.184615 0.000000 7.000000 1.114286 0.000000 1.815385 0.000000 0.184615 0.030769 0.257143 0.000000 0.092308 4.000000 0.000000 4.000000 2.200000 4.000000 4.000000 4.000000 4.000000 4.000000 0.000000 4.000000 4.000000 3.661538 4.000000 4.000000 4.000000 4.000000 4.000000 4.000000 4.000000 
22.043089 480 0.338462 0.000000 7.000000 0.707692 0.000000 0.000000 4.000000 0.400000 0.000000 0.000000 4.000000 0.369231 0.000000 0.123077 4.000000 0.000000 4.000000 4.000000 4.000000 4.000000 4.000000 4.000000 0.000000 0.000000 0.000000 4.000000 0.000000 0.000000 4.000000 4.000000 4.000000 4.000000 
22.174693 480 0.184615 0.953846 7.000000 0.000000 3.538461 1.446154 4.000000 0.707692 2.584615 0.371429 4.000000 0.000000 4.000000 0.000000 4.000000 0.000000 4.000000 4.000000 4.000000 4.000000 4.000000 4.000000 4.000000 4.000000 0.000000 4.000000 4.000000 4.000000 4.000000 4.000000 4.000000 4.000000 
22.306330 480 0.457143 0.000000 7.000000 0.061538 0.000000 0.000000 4.000000 0.707692 0.030769 0.000000 4.000000 0.092308 4.000000 0.000000 4.000000 0.000000 4.000000 4.000000 4.000000 0.000000 4.000000 4.000000 4.000000 4.000000 3.415385 0.000000 0.000000 4.000000 4.000000 4.000000 4.000000 4.000000 
22.437842 480 0.184615 0.000000 7.000000 0.061538 0.257143 0.857143 4.000000 0.707692 0.314286 0.000000 4.000000 0.092308 4.000000 0.285714 4.000000 0.000000 4.000000 4.000000 4.000000 3.415385 4.000000 4.000000 4.000000 4.000000 0.000000 4.000000 3.907692 0.000000 4.000000 4.000000 4.000000 4.000000 
22.570402 480 0.153846 0.000000 7.000000 0.061538 0.000000 0.092308 4.000000 0.676923 0.030769 0.000000 4.000000 0.092308 4.000000 0.000000 4.000000 0.000000 4.000000 4.000000 4.000000 4.000000 4.000000 4.000000 4.000000 4.000000 0.830769 4.000000 4.000000 2.307692 0.000000 4.000000 4.000000 4.000000 
22.701807 482 0.184615 0.257143 7.000000 0.114286 0.000000 0.461538 4.000000 0.971429 0.030769 0.000000 4.000000 0.371429 4.000000 0.000000 4.000000 0.000000 4.000000 4.000000 4.000000 4.000000 4.000000 4.000000 4.000000 4.000000 0.257143 4.000000 4.000000 4.000000 4.000000 0.000000 0.000000 4.000000 
22.832485 482 0.215385 0.000000 7.000000 0.133333 0.000000 0.000000 4.000000 1.285714 0.153846 0.257143 4.000000 0.215385 4.000000 0.123077 4.000000 0.257143 4.000000 4.000000 4.000000 4.000000 4.000000 0.000000 4.000000 4.000000 0.000000 4.000000 4.000000 4.000000 4.000000 4.000000 4.000000 0.000000 
22.961507 482 0.215385 0.000000 7.000000 0.685714 0.092308 0.123077 4.000000 0.000000 0.030769 0.000000 4.000000 0.092308 4.000000 0.000000 4.000000 0.000000 4.000000 4.000000 4.000000 4.000000 4.000000 4.000000 4.000000 4.000000 0.000000 4.000000 4.000000 4.000000 0.000000 0.000000 4.000000 4.000000 
23.092101 482 0.246154 3.415385 7.000000 0.630769 0.000000 1.200000 4.000000 0.971429 0.153846 0.228571 4.000000 0.215385 4.000000 0.123077 4.000000 0.371429 4.000000 4.000000 4.000000 4.000000 4.000000 4.000000 4.000000 4.000000 0.092308 4.000000 4.000000 4.000000 4.000000 4.000000 4.000000 4.000000 
23.219916 482 0.307692 0.000000 7.000000 0.350000 0.092308 0.584615 4.000000 0.000000 0.030769 0.000000 4.000000 0.000000 4.000000 0.000000 4.000000 0.000000 4.000000 4.000000 4.000000 4.000000 4.000000 4.000000 4.000000 4.000000 0.092308 4.000000 4.000000 4.000000 4.000000 4.000000 4.000000 4.000000 
23.350175 482 0.215385 0.092308 7.000000 0.400000 0.092308 0.000000 0.000000 0.538462 0.153846 0.092308 4.000000 0.000000 4.000000 0.123077 4.000000 2.184615 4.000000 4.000000 4.000000 4.000000 4.000000 4.000000 4.000000 4.000000 0.000000 4.000000 4.000000 4.000000 4.000000 4.000000 4.000000 4.000000 
23.480593 482 0.246154 0.000000 7.000000 0.430769 0.000000 0.000000 3.971429 0.600000 0.153846 0.000000 4.000000 0.485714 4.000000 0.123077 4.000000 0.000000 4.000000 4.000000 4.000000 4.000000 4.000000 4.000000 4.000000 4.000000 0.257143 4.000000 4.000000 4.000000 4.000000 0.000000 0.000000 4.000000 
23.609520 482 0.215385 0.000000 7.000000 0.430769 0.092308 0.123077 4.000000 0.615385 0.030769 0.092308 4.000000 0.000000 4.000000 0.000000 4.000000 0.000000 4.000000 4.000000 4.000000 4.000000 4.000000 4.000000 4.000000 4.000000 0.000000 4.000000 4.000000 4.000000 4.000000 4.000000 4.000000 4.000000 
23.740063 482 0.276923 0.371429 7.000000 0.630769 0.000000 0.000000 4.000000 0.492308 0.153846 0.000000 4.000000 0.485714 4.000000 0.123077 4.000000 0.092308 4.000000 4.000000 4.000000 4.000000 4.000000 4.000000 4.000000 4.000000 0.371429 4.000000 4.000000 4.000000 4.000000 4.000000 4.000000 4.000000 
23.867230 482 0.338462 0.000000 7.000000 0.408333 0.000000 2.566667 4.000000 0.000000 0.000000 0.092308 4.000000 0.000000 4.000000 0.000000 4.000000 0.000000 4.000000 4.000000 4.000000 4.000000 4.000000 4.000000 4.000000 4.000000 0.000000 4.000000 4.000000 4.000000 4.000000 4.000000 4.000000 4.000000 
23.997397 482 0.215385 0.000000 7.000000 0.676923 0.371429 0.000000 0.000000 1.000000 0.542857 0.092308 0.000000 0.092308 4.000000 0.514286 4.000000 4.000000 4.000000 4.000000 4.000000 4.000000 4.000000 4.000000 4.000000 4.000000 0.092308 4.000000 0.000000 4.000000 4.000000 4.000000 0.000000 0.000000 
24.130360 482 0.123077 2.307692 7.000000 0.057143 0.000000 2.307692 4.000000 0.707692 0.000000 0.000000 4.000000 0.000000 4.000000 0.000000 4.000000 0.000000 4.000000 4.000000 4.000000 4.000000 4.000000 4.000000 4.000000 4.000000 0.000000 4.000000 4.000000 4.000000 4.000000 4.000000 4.000000 4.000000 
24.260692 482 0.246154 0.257143 7.000000 0.430769 0.000000 0.000000 4.000000 0.846154 0.153846 0.000000 0.000000 0.485714 4.000000 0.123077 4.000000 0.000000 4.000000 4.000000 4.000000 4.000000 4.000000 4.000000 4.000000 4.000000 0.257143 4.000000 4.000000 4.000000 4.000000 4.000000 4.000000 4.000000 
24.389570 482 0.246154 0.000000 7.000000 0.430769 0.092308 0.523077 4.000000 0.269231 0.030769 0.092308 4.000000 0.000000 4.000000 0.000000 4.000000 0.000000 4.000000 4.000000 4.000000 0.000000 4.000000 4.000000 4.000000 4.000000 0.000000 4.000000 4.000000 4.000000 4.000000 4.000000 4.000000 4.000000 
24.520163 482 0.276923 0.371429 7.000000 1.085714 0.000000 0.246154 4.000000 0.492308 0.153846 0.000000 4.000000 0.485714 4.000000 0.123077 4.000000 0.092308 4.000000 4.000000 4.000000 4.000000 4.000000 4.000000 4.000000 4.000000 0.371429 4.000000 4.000000 4.000000 4.000000 4.000000 4.000000 0.000000 
24.651305 482 0.215385 0.000000 7.000000 0.175000 0.092308 1.569231 4.000000 0.615385 0.030769 0.092308 4.000000 0.000000 4.000000 0.000000 4.000000 0.000000 4.000000 4.000000 4.000000 4.000000 4.000000 4.000000 4.000000 4.000000 0.000000 4.000000 4.000000 4.000000 4.000000 4.000000 4.000000 4.000000 
24.780460 482 0.246154 0.000000 7.000000 0.692308 0.000000 0.000000 4.000000 0.269231 0.153846 0.000000 4.000000 0.457143 4.000000 0.123077 4.000000 0.092308 4.000000 4.000000 4.000000 4.000000 4.000000 4.000000 4.000000 4.000000 0.257143 4.000000 4.000000 4.000000 4.000000 4.000000 4.000000 4.000000 
24.910467 482 0.307692 0.000000 7.000000 0.492308 0.000000 0.000000 0.000000 0.061538 0.000000 0.000000 4.000000 0.000000 4.000000 0.000000 4.000000 4.000000 4.000000 4.000000 4.000000 4.000000 4.000000 4.000000 4.000000 4.000000 0.000000 4.000000 4.000000 4.000000 4.000000 4.000000 4.000000 4.000000 
25.051291 482 0.257143 2.314286 7.000000 0.142857 1.328571 2.171429 4.000000 0.285714 0.000000 3.685714 4.000000 0.314286 0.000000 2.914286 4.000000 4.000000 4.000000 4.000000 4.000000 4.000000 4.000000 4.000000 4.000000 4.000000 0.371429 4.000000 4.000000 4.000000 4.000000 4.000000 4.000000 4.000000 
25.182893 482 0.184615 1.057143 7.000000 0.000000 1.723077 0.461538 4.000000 0.646154 2.584615 0.000000 4.000000 0.257143 4.000000 0.000000 4.000000 0.000000 4.000000 4.000000 4.000000 4.000000 4.000000 4.000000 4.000000 4.000000 0.028571 4.000000 4.000000 4.000000 4.000000 4.000000 4.000000 4.000000 
25.312868 482 0.184615 0.000000 7.000000 0.400000 0.338462 0.092308 4.000000 0.615385 0.030769 0.000000 4.000000 0.092308 4.000000 0.000000 4.000000 0.142857 4.000000 4.000000 4.000000 4.000000 4.000000 4.000000 4.000000 4.000000 0.000000 4.000000 4.000000 4.000000 4.000000 4.000000 4.000000 4.000000 
25.443926 482 0.246154 0.000000 7.000000 0.630769 0.092308 0.000000 4.000000 0.246154 0.153846 0.092308 4.000000 0.215385 4.000000 0.123077 4.000000 0.000000 4.000000 4.000000 4.000000 4.000000 4.000000 4.000000 4.000000 4.000000 0.000000 4.000000 4.000000 4.000000 4.000000 4.000000 4.000000 4.000000 
25.571544 482 0.307692 0.000000 7.000000 0.753846 0.000000 1.692308 4.000000 0.175000 0.153846 0.000000 4.000000 0.000000 4.000000 0.123077 4.000000 0.000000 4.000000 4.000000 4.000000 4.000000 4.000000 4.000000 4.000000 4.000000 0.000000 4.000000 4.000000 4.000000 4.000000 4.000000 4.000000 4.000000 
25.711696 482 0.342857 0.485714 7.000000 0.428571 0.000000 0.000000 4.000000 1.040000 0.428571 0.371429 4.000000 0.142857 4.000000 0.400000 4.000000 0.000000 4.000000 4.000000 4.000000 4.000000 4.000000 4.000000 4.000000 4.000000 0.613333 4.000000 4.000000 4.000000 4.000000 4.000000 4.000000 4.000000 
25.842742 482 0.676923 0.028571 7.000000 0.430769 0.800000 0.000000 4.000000 0.369231 0.000000 0.000000 4.000000 0.371429 4.000000 0.000000 4.000000 1.692308 4.000000 4.000000 4.000000 4.000000 4.000000 4.000000 4.000000 4.000000 0.000000 4.000000 4.000000 4.000000 4.000000 4.000000 4.000000 4.000000 
25.973969 482 0.369231 0.000000 7.000000 0.430769 1.476923 0.215385 4.000000 0.742857 0.000000 0.000000 0.000000 0.092308 4.000000 4.000000 4.000000 0.000000 4.000000 4.000000 4.000000 4.000000 4.000000 4.000000 4.000000 4.000000 0.000000 4.000000 4.000000 4.000000 4.000000 4.000000 4.000000 4.000000 
26.104426 482 0.457143 3.046154 7.000000 0.400000 0.000000 2.307692 4.000000 0.400000 0.523077 0.257143 4.000000 0.215385 4.000000 0.000000 4.000000 0.461538 4.000000 4.000000 4.000000 4.000000 4.000000 4.000000 4.000000 4.000000 0.000000 4.000000 4.000000 4.000000 4.000000 4.000000 4.000000 4.000000 
26.235712 482 0.000000 0.000000 7.000000 1.114286 3.415385 0.000000 4.000000 0.369231 0.000000 0.000000 4.000000 0.092308 4.000000 0.000000 4.000000 0.000000 4.000000 4.000000 4.000000 4.000000 4.000000 4.000000 4.000000 4.000000 0.000000 4.000000 4.000000 4.000000 4.000000 4.000000 4.000000 4.000000 
26.363457 482 0.369231 0.092308 7.000000 0.753846 0.000000 2.307692 4.000000 0.408333 0.153846 0.000000 4.000000 0.215385 4.000000 0.123077 4.000000 0.000000 4.000000 4.000000 4.000000 0.000000 4.000000 4.000000 4.000000 4.000000 0.092308 4.000000 4.000000 4.000000 4.000000 4.000000 4.000000 4.000000 
26.493574 482 0.553846 0.092308 7.000000 0.492308 0.707692 0.000000 0.000000 0.600000 0.953846 0.092308 0.000000 0.184615 4.000000 4.000000 4.000000 0.142857 4.000000 4.000000 4.000000 4.000000 4.000000 4.000000 4.000000 4.000000 0.092308 4.000000 4.000000 4.000000 4.000000 4.000000 4.000000 4.000000 
26.624848 482 0.485714 0.000000 7.000000 0.430769 3.415385 1.230769 4.000000 0.523077 0.000000 0.257143 4.000000 0.215385 4.000000 0.000000 4.000000 0.215385 4.000000 4.000000 4.000000 4.000000 4.000000 4.000000 4.000000 4.000000 0.000000 4.000000 4.000000 4.000000 4.000000 4.000000 4.000000 4.000000 
26.753630 484 0.000000 0.000000 7.000000 0.430769 0.000000 0.246154 4.000000 0.430769 0.153846 0.000000 4.000000 0.000000 4.000000 0.123077 4.000000 0.092308 4.000000 4.000000 4.000000 4.000000 4.000000 4.000000 4.000000 4.000000 0.000000 4.000000 4.000000 4.000000 4.000000 4.000000 4.000000 4.000000 
26.884170 484 0.542857 0.092308 7.000000 0.630769 3.661538 1.200000 4.000000 0.738462 0.153846 0.257143 4.000000 0.215385 4.000000 0.123077 4.000000 0.092308 4.000000 4.000000 4.000000 4.000000 4.000000 4.000000 4.000000 4.000000 0.092308 4.000000 4.000000 4.000000 4.000000 4.000000 4.000000 4.000000 
27.015550 484 0.000000 0.000000 7.000000 0.175000 0.000000 0.000000 0.000000 0.153846 0.030769 0.000000 0.000000 0.092308 4.000000 0.000000 4.000000 0.000000 4.000000 4.000000 4.000000 4.000000 4.000000 4.000000 4.000000 4.000000 0.092308 4.000000 0.000000 4.000000 4.000000 4.000000 4.000000 4.000000 
27.146791 484 0.485714 1.815385 7.000000 0.630769 2.061538 1.076923 4.000000 0.492308 0.000000 0.257143 4.000000 0.215385 4.000000 0.000000 4.000000 0.000000 4.000000 4.000000 4.000000 4.000000 4.000000 4.000000 4.000000 4.000000 0.000000 4.000000 4.000000 4.000000 4.000000 4.000000 4.000000 4.000000 
27.274995 484 0.000000 0.000000 7.000000 0.523077 0.000000 0.000000 0.000000 0.484615 0.000000 0.000000 4.000000 0.092308 4.000000 0.246154 4.000000 0.215385 4.000000 4.000000 4.000000 4.000000 4.000000 4.000000 4.000000 4.000000 0.000000 4.000000 4.000000 4.000000 4.000000 4.000000 4.000000 4.000000 
27.404789 484 0.514286 0.092308 7.000000 0.461538 0.000000 0.276923 0.000000 1.371429 2.830769 0.371429 4.000000 0.215385 4.000000 0.123077 4.000000 0.092308 4.000000 4.000000 4.000000 4.000000 4.000000 4.000000 4.000000 4.000000 0.000000 4.000000 4.000000 4.000000 4.000000 4.000000 4.000000 4.000000 
27.533740 484 0.000000 0.000000 7.000000 0.430769 0.000000 0.123077 0.000000 0.000000 0.030769 0.000000 4.000000 0.092308 4.000000 0.000000 4.000000 0.000000 4.000000 4.000000 4.000000 4.000000 4.000000 4.000000 4.000000 4.000000 1.815385 4.000000 4.000000 4.000000 4.000000 4.000000 4.000000 4.000000 
27.664424 484 0.542857 0.092308 7.000000 1.314286 3.661538 0.246154 4.000000 0.971429 0.123077 0.257143 4.000000 0.215385 4.000000 0.000000 4.000000 0.092308 4.000000 4.000000 4.000000 4.000000 4.000000 4.000000 4.000000 4.000000 0.092308 4.000000 4.000000 4.000000 4.000000 4.000000 4.000000 4.000000 
27.795983 484 0.000000 0.000000 7.000000 3.169231 0.000000 0.000000 4.000000 0.000000 0.953846 0.000000 4.000000 2.246154 0.000000 0.430769 4.000000 4.000000 4.000000 0.000000 4.000000 4.000000 4.000000 4.000000 4.000000 4.000000 0.000000 4.000000 4.000000 4.000000 4.000000 4.000000 4.000000 4.000000 
27.927527 484 0.514286 0.830769 7.000000 0.000000 0.000000 0.000000 4.000000 2.742857 0.000000 0.371429 4.000000 0.369231 0.000000 3.507692 4.000000 4.000000 4.000000 4.000000 4.000000 4.000000 4.000000 4.000000 4.000000 4.000000 0.092308 4.000000 4.000000 4.000000 4.000000 4.000000 4.000000 4.000000 
28.059588 484 0.246154 0.000000 7.000000 0.215385 0.369231 0.569231 0.000000 0.000000 0.628571 0.092308 4.000000 0.123077 0.000000 4.000000 4.000000 4.000000 4.000000 4.000000 4.000000 4.000000 4.000000 4.000000 4.000000 4.000000 0.000000 4.000000 4.000000 4.000000 4.000000 4.000000 4.000000 4.000000 
28.190928 484 0.246154 0.228571 7.000000 0.257143 0.942857 0.600000 4.000000 0.923077 0.000000 0.092308 4.000000 0.000000 0.314286 0.000000 4.000000 4.000000 4.000000 4.000000 4.000000 4.000000 4.000000 4.000000 4.000000 4.000000 0.000000 4.000000 4.000000 4.000000 4.000000 4.000000 4.000000 4.000000 
28.322592 484 0.246154 0.061538 7.000000 0.000000 0.461538 0.061538 4.000000 0.061538 0.000000 0.123077 4.000000 0.314286 0.030769 3.384615 4.000000 4.000000 4.000000 4.000000 4.000000 0.000000 4.000000 4.000000 4.000000 4.000000 0.257143 4.000000 4.000000 4.000000 4.000000 4.000000 4.000000 4.000000 
28.461052 484 0.314286 0.342857 7.000000 0.485714 0.400000 0.400000 4.000000 0.000000 0.000000 0.257143 4.000000 0.171429 0.171429 4.000000 4.000000 4.000000 4.000000 4.000000 4.000000 3.771429 4.000000 4.000000 4.000000 4.000000 0.257143 4.000000 4.000000 4.000000 4.000000 4.000000 4.000000 4.000000 
28.592598 484 0.215385 0.061538 7.000000 0.000000 0.461538 0.338462 4.000000 2.769231 0.369231 0.092308 4.000000 0.000000 0.030769 4.000000 4.000000 4.000000 4.000000 4.000000 4.000000 4.000000 4.000000 4.000000 4.000000 4.000000 0.000000 4.000000 4.000000 4.000000 4.000000 4.000000 4.000000 4.000000 
28.723880 482 0.215385 0.000000 7.000000 3.169231 2.769231 0.784615 4.000000 0.000000 3.292308 0.092308 4.000000 0.030769 2.215385 0.000000 4.000000 4.000000 4.000000 4.000000 4.000000 4.000000 4.000000 4.000000 4.000000 4.000000 0.000000 4.000000 4.000000 4.000000 4.000000 4.000000 4.000000 4.000000 
28.853235 482 0.246154 0.492308 7.000000 0.338462 0.000000 0.030769 4.000000 0.061538 0.000000 0.092308 4.000000 0.000000 0.000000 3.784615 4.000000 4.000000 4.000000 4.000000 4.000000 4.000000 4.000000 4.000000 4.000000 4.000000 0.092308 4.000000 4.000000 4.000000 4.000000 4.000000 4.000000 4.000000 
28.983934 482 0.307692 0.338462 7.000000 0.000000 0.461538 0.058333 4.000000 1.169231 0.000000 0.485714 4.000000 0.123077 0.153846 4.000000 4.000000 4.000000 4.000000 4.000000 4.000000 4.000000 4.000000 4.000000 4.000000 4.000000 0.000000 4.000000 4.000000 4.000000 4.000000 4.000000 4.000000 4.000000 
29.115306 482 0.246154 0.061538 7.000000 3.538461 0.461538 1.000000 4.000000 0.061538 0.000000 0.000000 4.000000 0.000000 0.000000 4.000000 4.000000 4.000000 4.000000 4.000000 4.000000 4.000000 4.000000 4.000000 4.000000 4.000000 0.092308 4.000000 4.000000 4.000000 4.000000 4.000000 4.000000 4.000000 
29.246815 482 0.514286 0.338462 7.000000 0.000000 0.338462 0.571429 4.000000 0.000000 0.000000 0.371429 4.000000 0.000000 0.000000 4.000000 4.000000 4.000000 4.000000 4.000000 4.000000 4.000000 4.000000 4.000000 4.000000 4.000000 0.000000 4.000000 4.000000 4.000000 4.000000 4.000000 4.000000 4.000000 
29.379731 482 0.184615 0.000000 7.000000 0.000000 0.369231 0.184615 4.000000 1.169231 0.628571 0.092308 4.000000 0.123077 0.030769 0.000000 4.000000 4.000000 4.000000 4.000000 4.000000 4.000000 4.000000 4.000000 4.000000 4.000000 0.257143 4.000000 4.000000 4.000000 4.000000 4.000000 4.000000 4.000000 
29.511033 482 0.246154 0.371429 7.000000 3.571429 0.828571 0.569231 4.000000 0.061538 0.000000 0.092308 0.000000 0.000000 0.314286 4.000000 4.000000 4.000000 4.000000 4.000000 4.000000 4.000000 4.000000 4.000000 4.000000 4.000000 0.000000 4.000000 4.000000 4.000000 4.000000 4.000000 4.000000 4.000000 
29.642407 482 0.246154 0.000000 7.000000 0.000000 0.584615 0.307692 0.000000 0.061538 0.000000 0.092308 4.000000 0.285714 0.000000 4.000000 4.000000 4.000000 4.000000 4.000000 4.000000 4.000000 4.000000 4.000000 4.000000 4.000000 0.257143 4.000000 4.000000 4.000000 4.000000 4.000000 4.000000 4.000000 
29.774098 482 0.246154 0.215385 7.000000 0.000000 0.338462 0.338462 4.000000 0.000000 0.123077 0.215385 4.000000 0.000000 0.000000 4.000000 4.000000 4.000000 4.000000 4.000000 4.000000 4.000000 4.000000 4.000000 4.000000 4.000000 0.000000 4.000000 4.000000 4.000000 4.000000 4.000000 4.000000 4.000000 
29.905722 482 0.542857 0.000000 7.000000 0.000000 2.292308 0.215385 4.000000 0.257143 0.000000 0.371429 4.000000 0.030769 0.030769 0.000000 4.000000 4.000000 4.000000 4.000000 4.000000 4.000000 4.000000 4.000000 4.000000 4.000000 0.000000 4.000000 4.000000 4.000000 4.000000 4.000000 4.000000 4.000000 
30.037636 482 1.646154 0.153846 7.000000 0.707692 0.676923 0.571429 0.000000 1.046154 0.342857 0.276923 0.000000 0.000000 0.030769 4.000000 4.000000 4.000000 0.000000 4.000000 4.000000 4.000000 4.000000 4.000000 4.000000 4.000000 1.784615 4.000000 0.000000 4.000000 4.000000 4.000000 4.000000 4.000000 
30.175718 482 0.314286 3.342857 7.000000 0.000000 0.000000 1.507692 0.000000 0.000000 4.000000 3.415385 4.000000 0.000000 3.657143 0.000000 4.000000 0.000000 4.000000 4.000000 4.000000 4.000000 4.000000 4.000000 4.000000 4.000000 0.257143 4.000000 4.000000 4.000000 4.000000 4.000000 4.000000 4.000000 
30.307042 482 0.215385 0.000000 7.000000 0.061538 0.600000 1.415385 4.000000 0.800000 0.000000 0.000000 4.000000 0.338462 4.000000 3.784615 4.000000 0.000000 4.000000 4.000000 4.000000 0.000000 4.000000 4.000000 4.000000 4.000000 0.000000 4.000000 4.000000 4.000000 4.000000 4.000000 4.000000 4.000000 
30.438627 482 0.246154 0.000000 7.000000 0.000000 0.307692 0.000000 4.000000 0.571429 0.400000 0.030769 4.000000 0.000000 4.000000 0.000000 4.000000 0.030769 4.000000 4.000000 4.000000 3.169231 4.000000 4.000000 4.000000 4.000000 0.000000 4.000000 4.000000 4.000000 4.000000 4.000000 4.000000 4.000000 
30.571082 482 0.457143 0.257143 7.000000 0.457143 0.307692 2.523077 4.000000 0.184615 0.123077 0.000000 4.000000 0.123077 0.000000 3.914286 4.000000 0.030769 4.000000 4.000000 4.000000 4.000000 4.000000 4.000000 4.000000 4.000000 0.000000 4.000000 4.000000 4.000000 4.000000 4.000000 4.000000 4.000000 
30.701820 482 0.184615 0.000000 7.000000 0.000000 0.153846 0.000000 4.000000 0.676923 0.123077 0.030769 4.000000 0.142857 4.000000 0.000000 4.000000 0.314286 4.000000 4.000000 4.000000 4.000000 0.000000 4.000000 4.000000 4.000000 0.257143 4.000000 4.000000 4.000000 4.000000 4.000000 4.000000 4.000000 
30.833307 482 0.307692 0.000000 7.000000 0.676923 1.028571 2.030769 4.000000 0.553846 0.246154 0.000000 4.000000 0.123077 4.000000 3.907692 4.000000 0.030769 4.000000 4.000000 4.000000 4.000000 4.000000 4.000000 4.000000 4.000000 0.000000 4.000000 4.000000 4.000000 4.000000 4.000000 4.000000 4.000000 
30.964156 482 0.215385 0.000000 7.000000 0.061538 0.338462 0.000000 4.000000 0.430769 0.123077 0.400000 4.000000 0.000000 0.000000 0.000000 4.000000 0.123077 4.000000 4.000000 4.000000 4.000000 4.000000 4.000000 4.000000 4.000000 0.000000 4.000000 4.000000 4.000000 4.000000 4.000000 4.000000 4.000000 
31.095804 482 0.246154 3.415385 7.000000 0.061538 0.538462 1.661538 0.000000 0.430769 0.123077 0.000000 4.000000 0.000000 4.000000 3.784615 4.000000 0.030769 4.000000 4.000000 4.000000 4.000000 4.000000 4.000000 4.000000 4.000000 0.092308 4.000000 4.000000 4.000000 4.000000 4.000000 4.000000 4.000000 
31.227262 482 0.215385 0.000000 7.000000 0.184615 0.338462 0.000000 4.000000 0.553846 0.123077 0.285714 4.000000 0.092308 4.000000 0.000000 4.000000 0.000000 4.000000 4.000000 4.000000 4.000000 4.000000 4.000000 4.000000 4.000000 0.000000 4.000000 4.000000 4.000000 4.000000 4.000000 4.000000 4.000000 
31.359907 482 0.184615 0.000000 7.000000 2.676923 0.584615 0.000000 4.000000 2.514286 0.514286 0.000000 4.000000 2.457143 0.000000 3.342857 4.000000 3.657143 0.000000 4.000000 4.000000 4.000000 4.000000 4.000000 4.000000 4.000000 0.228571 4.000000 4.000000 4.000000 4.000000 4.000000 4.000000 4.000000 
31.491162 482 0.514286 0.457143 7.000000 0.257143 1.692308 0.569231 4.000000 0.061538 0.123077 0.092308 4.000000 0.000000 0.000000 0.000000 0.000000 4.000000 4.000000 4.000000 4.000000 4.000000 4.000000 4.000000 4.000000 4.000000 0.000000 4.000000 4.000000 4.000000 4.000000 4.000000 4.000000 4.000000 
31.622509 482 0.246154 0.061538 7.000000 0.000000 0.461538 0.338462 4.000000 0.061538 0.000000 0.092308 4.000000 0.285714 0.030769 3.046154 4.000000 4.000000 4.000000 4.000000 4.000000 4.000000 4.000000 4.000000 4.000000 4.000000 0.257143 4.000000 4.000000 4.000000 4.000000 4.000000 4.000000 4.000000 
31.754207 482 0.246154 0.000000 7.000000 0.000000 2.200000 0.307692 4.000000 0.000000 0.000000 0.215385 4.000000 0.000000 0.030769 0.000000 4.000000 4.000000 4.000000 4.000000 4.000000 4.000000 4.000000 4.000000 4.000000 4.000000 0.000000 4.000000 4.000000 4.000000 4.000000 4.000000 4.000000 4.000000 
31.885493 482 0.246154 0.061538 7.000000 0.000000 0.000000 0.307692 4.000000 2.030769 0.000000 0.371429 4.000000 0.000000 2.707692 0.000000 4.000000 4.000000 0.000000 4.000000 4.000000 4.000000 4.000000 4.000000 4.000000 4.000000 0.000000 4.000000 4.000000 4.000000 4.000000 4.000000 4.000000 4.000000 
32.010740 482 0.276923 0.707692 7.000000 0.092308 1.766667 2.953846 0.000000 0.000000 0.030769 3.466667 0.000000 4.000000 0.000000 0.584615 0.000000 0.000000 4.000000 4.000000 4.000000 4.000000 4.000000 4.000000 4.000000 4.000000 0.000000 4.000000 4.000000 4.000000 4.000000 4.000000 4.000000 4.000000 
32.141000 482 0.369231 0.000000 7.000000 0.092308 0.000000 0.000000 4.000000 2.276923 0.369231 0.000000 2.892308 0.000000 0.030769 0.000000 4.000000 4.000000 4.000000 4.000000 4.000000 4.000000 4.000000 4.000000 4.000000 4.000000 0.371429 4.000000 4.000000 4.000000 4.000000 4.000000 4.000000 4.000000 
32.271721 482 0.276923 0.061538 7.000000 0.000000 0.707692 0.058333 4.000000 0.184615 0.000000 0.215385 4.000000 0.000000 0.153846 0.461538 4.000000 4.000000 4.000000 4.000000 4.000000 4.000000 4.000000 4.000000 4.000000 4.000000 0.000000 4.000000 4.000000 4.000000 4.000000 4.000000 4.000000 4.000000 
