# time temp_core_1 temp_core_2 ... 
0.025026 482 43 46 46 44 47 46 47 42 44 43 44 46 46 46 44 44 46 46 47 47 47 50 45 47 46 47 46 46 48 47 49 48 
1.000319 482 43 46 46 44 47 46 47 42 44 43 44 46 46 46 44 44 46 46 47 47 47 50 45 47 46 47 46 46 48 47 49 48 
2.000515 482 44 45 46 44 47 46 46 42 44 43 44 46 46 46 43 44 47 46 47 47 47 50 46 47 46 46 46 46 48 48 49 48 
3.000670 482 44 45 46 44 47 46 47 42 44 43 44 46 46 46 43 45 47 45 47 47 47 50 45 47 46 47 46 46 48 48 48 48 
4.000837 482 43 45 46 44 47 47 47 42 44 43 46 46 46 46 44 45 46 46 47 47 47 51 45 47 47 47 46 46 48 48 48 47 
5.000896 482 49 51 51 49 52 52 52 48 49 48 49 51 51 51 49 50 52 51 52 52 53 55 51 53 51 51 51 51 53 53 54 53 
6.000951 480 50 51 52 49 52 53 53 49 49 49 50 51 52 52 50 51 53 51 52 52 53 56 52 52 51 51 51 51 53 53 54 53 
7.001007 480 50 51 52 49 52 53 53 49 49 49 50 51 52 52 50 51 53 51 52 52 53 56 52 52 51 51 51 51 53 53 54 53 
8.001063 520 50 51 53 50 53 53 53 49 50 50 50 52 53 52 51 51 53 51 53 53 54 56 52 54 52 53 52 52 53 54 55 54 
9.001118 520 50 51 53 50 53 53 53 49 50 50 50 52 53 52 51 51 53 51 53 53 54 56 52 54 52 53 52 52 53 54 55 54 
10.001174 562 50 52 53 50 53 54 54 49 50 50 51 52 52 53 51 51 53 52 53 53 54 57 53 54 52 53 52 52 54 54 55 54 
11.001230 562 51 52 53 51 53 54 54 49 50 50 51 52 52 53 50 52 53 52 54 53 54 57 53 54 52 53 52 53 54 54 55 54 
12.001286 600 51 52 53 51 53 54 54 49 50 50 51 52 52 53 50 52 53 52 54 53 54 57 53 54 52 53 52 53 54 54 55 54 
13.001342 600 50 52 53 51 53 54 54 50 51 50 51 53 53 53 51 52 54 52 54 53 54 57 53 54 52 53 53 53 54 54 56 55 
14.001398 628 50 52 53 51 54 54 54 50 50 50 51 52 53 53 51 52 54 53 54 53 54 57 53 55 52 53 53 53 54 55 56 54 
15.001454 628 50 52 53 51 54 54 54 50 50 50 51 52 53 53 51 52 54 53 54 53 54 57 53 55 52 53 53 53 54 55 56 54 
16.001511 626 51 52 53 52 54 54 54 50 51 50 51 53 53 53 52 52 54 53 53 53 54 57 53 54 52 53 53 53 55 55 56 55 
17.001567 626 51 52 53 51 53 54 54 50 51 50 51 52 53 53 52 52 55 53 54 53 54 57 53 54 53 54 53 53 54 55 56 54 
18.001597 628 51 52 53 51 53 54 54 50 51 50 51 52 53 53 52 52 55 53 54 53 54 57 53 54 53 54 53 53 54 55 56 54 
19.001653 628 51 52 54 51 54 54 54 50 52 50 51 53 53 53 51 52 55 53 54 54 54 57 53 55 53 53 53 53 54 55 56 55 
20.001710 628 51 52 54 51 54 54 54 50 52 50 51 53 53 53 51 52 55 53 54 54 54 57 53 55 53 53 53 53 54 55 56 55 
21.001766 628 51 52 54 52 54 54 54 50 51 51 52 53 53 53 52 52 54 53 54 54 54 57 53 55 53 53 53 53 55 55 56 55 
22.001822 630 51 52 54 51 54 54 54 50 51 50 51 53 54 53 52 53 54 53 54 54 55 57 53 55 53 54 53 53 55 55 56 56 
23.001966 630 51 52 54 51 54 54 54 50 51 50 51 53 54 53 52 53 54 53 54 54 55 57 53 55 53 54 53 53 55 55 56 56 
24.002165 628 46 47 48 47 49 49 49 45 46 47 46 48 48 48 46 47 49 48 49 49 49 52 48 50 49 49 48 48 49 50 51 50 
25.002360 628 46 47 48 46 49 48 48 45 46 45 46 48 48 48 45 47 48 48 49 49 49 52 48 50 48 48 48 47 49 49 51 50 
26.002536 600 46 47 48 46 49 48 48 45 46 45 46 48 48 48 45 47 48 48 48 48 49 51 48 49 48 48 48 47 49 49 51 50 
27.002731 600 45 47 47 45 48 48 48 44 46 45 45 47 47 47 46 46 49 48 48 48 49 51 48 49 47 48 48 47 49 49 50 49 
