# time temp_core_1 temp_core_2 ... 
0.026002 480 42 44 45 43 46 46 45 41 42 42 43 45 44 45 43 44 45 44 46 46 46 49 44 46 45 45 45 45 47 46 47 46 
1.000316 480 42 44 45 43 46 46 45 41 43 43 43 45 45 45 43 44 45 44 46 46 46 49 44 46 45 45 45 45 47 46 47 46 
2.000507 482 43 44 45 43 46 45 46 42 43 43 43 45 45 45 42 43 46 45 46 46 46 49 44 46 46 45 45 45 46 46 47 47 
3.000662 482 43 44 45 43 46 45 46 42 42 42 43 45 45 44 42 43 46 45 46 46 46 49 44 46 46 45 45 45 46 46 47 47 
4.000735 480 45 46 48 46 48 48 48 44 42 42 43 45 45 44 45 46 48 47 49 48 49 51 47 48 47 47 47 47 49 49 47 47 
5.000795 480 50 52 53 50 52 53 53 49 50 49 50 52 52 52 51 51 52 51 53 52 54 56 52 53 51 51 51 52 53 54 54 53 
6.000853 488 50 52 53 50 52 53 53 49 50 49 50 52 52 52 51 51 52 51 53 52 54 56 52 53 51 51 51 52 53 54 54 53 
7.000908 488 51 53 53 51 54 54 55 50 51 50 51 53 53 53 52 53 53 53 55 53 55 57 53 54 52 53 52 53 55 55 56 55 
8.000965 560 51 53 53 51 54 54 55 50 51 50 51 53 53 53 52 53 53 53 55 53 55 57 53 54 52 53 52 53 55 55 56 55 
9.001022 560 51 53 55 52 54 55 55 51 52 51 52 54 54 54 52 53 54 54 54 54 55 58 54 55 53 53 53 53 55 56 57 56 
10.001079 630 52 53 54 52 54 55 55 52 52 51 53 54 54 54 53 53 54 53 56 54 55 58 54 55 53 54 53 54 56 56 57 56 
11.001135 630 52 54 55 52 55 55 56 52 52 52 53 54 55 55 53 53 55 54 55 54 55 58 54 55 53 54 54 54 56 56 57 56 
12.001277 630 52 54 55 52 55 55 56 52 52 52 53 54 55 55 53 53 55 54 55 54 55 58 54 55 53 54 54 54 56 56 57 56 
13.001449 696 45 46 47 45 49 49 48 45 50 46 46 48 48 47 45 46 49 48 49 48 49 52 52 50 52 49 48 48 50 49 50 50 
14.001619 696 45 46 47 45 49 49 48 45 50 46 46 48 48 47 45 46 49 48 49 48 49 52 52 50 52 49 48 48 50 49 50 50 
15.001839 684 45 46 47 45 47 47 47 43 50 45 45 47 47 46 45 46 48 47 49 48 49 52 52 50 47 47 48 47 49 48 49 49 
16.001978 684 45 46 47 45 47 47 47 43 50 45 45 47 47 46 45 46 48 47 49 48 49 52 52 50 47 47 48 47 49 48 49 49 
17.002153 624 44 46 47 44 47 47 47 43 50 45 45 47 46 46 44 45 47 46 48 48 48 50 46 48 47 47 46 46 48 48 49 48 
18.002393 624 44 46 47 44 47 47 47 43 50 45 45 47 46 46 44 45 47 46 48 48 48 50 46 48 47 47 46 46 48 48 49 48 
19.002587 562 45 46 46 44 47 47 46 42 49 45 45 48 46 46 44 45 47 46 48 47 48 50 45 47 46 47 47 46 48 48 49 48 
20.002704 562 45 46 46 44 47 47 46 42 49 45 45 48 46 46 44 45 47 46 48 47 47 51 45 46 46 47 46 46 48 48 48 48 
21.002892 508 44 46 46 44 47 46 46 42 49 44 44 47 46 46 44 45 47 46 48 47 47 51 45 46 46 47 46 46 48 48 48 48 
22.003091 508 44 46 46 44 47 46 46 42 49 44 44 47 46 46 44 45 46 46 47 47 47 51 45 47 46 47 46 46 48 47 48 48 
23.003321 496 43 45 46 44 47 46 46 42 50 44 45 47 46 46 44 45 46 46 47 47 47 51 45 47 46 47 46 46 48 47 48 48 
24.003515 496 43 45 46 44 47 46 46 42 50 44 45 47 46 46 44 45 47 46 47 47 47 50 45 47 46 46 46 46 48 47 48 47 
25.003591 490 43 45 46 44 46 47 46 42 49 44 45 47 46 46 44 45 47 47 48 47 47 50 45 47 46 46 46 46 48 47 48 47 
26.003794 490 43 45 46 44 46 47 46 42 49 44 45 47 46 46 44 45 47 47 48 47 47 50 45 47 46 46 46 46 48 47 48 47 
27.003997 490 44 45 45 44 46 46 46 42 50 45 45 46 46 46 44 45 46 45 47 47 47 50 45 47 46 46 46 45 48 47 48 47 
28.004228 490 44 45 45 44 46 46 46 42 50 45 45 46 46 46 44 45 46 45 47 47 47 50 45 47 46 46 46 45 48 48 48 47 
29.004328 490 43 45 46 44 46 46 46 42 50 44 44 46 46 46 44 45 46 46 48 46 47 51 45 47 46 46 46 46 47 47 48 47 
30.004525 490 43 45 46 44 46 46 46 42 50 44 44 46 46 46 44 45 46 46 48 46 47 51 45 47 46 46 46 46 47 47 48 47 
31.004751 490 43 45 46 43 46 46 46 42 50 44 45 47 46 46 44 45 46 46 47 47 47 51 45 47 46 46 45 45 48 47 48 47 
32.004941 490 43 45 46 43 46 46 46 42 50 44 45 47 46 46 44 45 46 46 47 47 47 51 45 47 46 46 45 45 48 47 48 47 
33.005071 488 44 44 46 44 46 46 46 42 50 44 44 47 46 46 44 45 46 46 48 47 47 50 45 47 45 46 45 45 48 47 47 47 
34.005268 488 44 44 46 44 46 46 46 42 50 44 44 47 46 46 44 45 46 46 48 47 47 50 45 47 45 46 45 45 48 47 47 47 
35.005500 492 44 45 45 44 46 46 45 42 49 45 45 46 46 46 44 45 46 46 47 46 47 50 45 47 47 47 46 45 48 48 47 47 
36.005699 492 44 45 45 44 46 46 45 42 49 45 45 46 46 46 44 45 46 46 47 46 47 50 45 47 47 47 46 45 48 48 47 47 
37.011615 492 44 44 46 44 46 46 46 42 44 44 44 46 46 46 44 45 46 45 47 46 47 49 44 47 46 46 45 45 47 47 48 47 
38.011735 492 44 44 46 44 46 46 46 42 44 44 44 46 46 46 44 45 46 45 47 46 47 49 44 47 46 46 45 45 47 47 48 47 
39.011892 490 43 44 46 43 46 46 46 42 44 43 44 46 46 46 44 45 46 45 47 46 47 50 45 47 46 46 45 45 48 47 47 47 
40.012095 490 43 45 45 44 46 46 46 42 43 43 44 46 46 46 44 45 46 45 47 46 46 49 44 47 45 46 45 45 47 47 47 47 
41.012253 486 43 45 45 44 46 46 46 42 43 43 44 46 46 46 44 45 46 45 47 46 46 49 44 47 45 46 45 45 47 47 47 47 
