# time temp_core_1 temp_core_2 ... 
0.024893 478 44 44 46 44 46 46 46 42 43 43 44 45 45 46 44 45 46 45 47 47 47 50 45 47 46 47 46 46 48 47 48 47 
1.000326 478 44 44 46 44 46 46 46 42 43 43 44 45 45 46 44 45 46 45 47 47 47 50 45 47 46 47 46 46 48 47 48 47 
2.000532 478 43 45 45 44 46 46 46 42 43 44 44 46 46 46 44 44 46 45 47 47 47 50 45 47 46 46 46 46 48 47 49 47 
3.000733 476 43 45 46 44 46 46 46 43 43 43 44 45 46 46 44 44 46 45 47 47 47 50 45 47 46 46 46 46 48 47 49 47 
4.003472 476 44 46 46 44 46 46 46 43 44 43 44 46 46 46 44 44 46 45 47 46 47 50 45 47 46 48 46 46 48 47 48 48 
5.003528 480 50 52 53 51 53 54 53 49 50 50 50 53 53 53 51 52 53 52 54 53 54 57 52 54 52 52 52 52 54 54 55 54 
6.003585 480 51 52 53 52 54 54 54 50 51 50 51 53 53 53 52 52 53 53 54 53 54 57 53 55 53 53 53 53 55 55 56 55 
7.003641 514 51 52 53 52 54 54 54 50 51 50 51 53 53 53 52 52 53 53 54 53 54 57 53 55 53 53 53 53 55 55 56 55 
8.003699 514 51 53 54 52 54 54 55 51 51 50 52 53 54 54 52 53 54 54 55 54 55 58 54 55 53 54 54 54 56 55 56 56 
9.003757 570 51 53 54 52 54 54 55 51 52 51 52 54 55 54 53 53 54 54 55 54 55 58 54 56 53 54 54 53 55 55 57 56 
10.003814 570 51 53 54 52 54 54 55 51 52 51 52 54 55 54 53 53 54 54 55 54 55 58 54 56 53 54 54 53 55 55 57 56 
11.003871 628 52 54 54 53 54 55 56 52 53 51 53 54 54 55 53 54 55 54 56 55 56 59 54 56 54 54 54 54 56 56 57 57 
12.003927 628 52 54 54 53 54 55 56 52 53 51 53 54 54 55 53 54 55 54 56 55 56 59 54 56 54 54 54 54 56 56 57 57 
13.003983 664 53 53 55 52 55 55 55 53 53 52 53 54 55 55 53 54 56 55 55 55 56 59 54 56 54 54 55 54 57 56 57 57 
14.004041 664 53 54 55 53 55 56 56 53 53 52 53 55 54 55 53 55 55 54 56 55 56 59 55 57 54 55 55 54 56 56 57 57 
15.004099 666 53 54 55 53 55 56 56 53 53 52 53 55 54 55 53 55 55 54 56 55 56 59 55 57 54 55 55 55 57 57 57 57 
16.004156 666 53 54 56 53 55 56 56 52 53 52 53 55 55 55 53 55 55 55 56 56 57 59 55 57 54 55 55 55 57 57 57 57 
17.004213 666 53 54 56 53 55 55 56 53 53 52 54 55 55 56 53 55 56 55 57 56 57 59 56 57 55 56 55 55 57 57 57 58 
18.004269 666 53 54 56 53 55 55 56 53 53 52 54 55 55 56 53 55 56 55 57 56 57 59 56 57 55 56 55 55 57 57 57 58 
19.004326 664 54 55 56 53 56 56 57 53 53 53 53 56 55 57 54 55 56 55 57 56 57 59 55 57 55 55 55 55 57 57 58 58 
20.004383 664 53 55 56 54 56 56 57 53 54 53 54 55 55 56 54 55 56 55 57 56 57 59 55 57 55 56 55 55 57 57 58 58 
21.004441 664 54 55 56 54 56 56 57 53 54 52 54 55 56 57 54 55 56 56 57 57 57 59 56 57 55 55 55 55 57 57 58 58 
22.004497 664 54 55 56 54 56 56 57 53 54 52 54 55 56 57 54 55 56 56 57 57 57 59 56 57 55 55 55 55 57 57 58 58 
23.004554 664 54 55 57 54 56 56 57 53 54 53 54 56 56 56 54 55 57 56 57 57 57 60 55 57 55 56 55 55 57 57 58 58 
24.004610 664 54 55 56 54 56 56 57 53 54 53 54 56 56 56 54 55 57 55 57 57 57 60 55 58 56 56 55 55 57 57 59 58 
25.004667 664 54 55 56 54 56 56 57 53 54 53 54 56 56 56 54 55 57 55 57 57 57 60 55 58 56 56 55 55 57 57 59 58 
26.004724 664 54 55 57 54 57 56 57 54 54 54 54 56 56 56 54 55 57 55 57 56 58 60 55 58 55 56 55 55 58 58 59 58 
27.004922 672 54 55 57 54 57 56 57 54 54 54 54 56 56 56 54 55 57 55 57 56 58 60 55 58 55 56 55 55 58 58 59 58 
28.005122 672 47 49 49 47 50 50 50 46 47 46 47 49 49 49 47 48 49 48 49 50 50 53 49 51 49 50 49 49 51 51 52 51 
29.005303 648 47 49 49 47 50 50 50 46 47 46 47 49 49 49 47 48 49 48 49 50 50 53 49 51 49 50 49 49 51 51 52 51 
30.005499 648 46 48 48 46 49 49 49 45 46 46 46 48 48 48 46 47 48 48 49 49 49 52 48 50 49 49 49 48 50 50 51 50 
31.005695 592 45 47 48 47 49 48 49 45 46 46 46 48 48 48 46 47 48 48 49 48 49 52 48 49 48 49 48 48 50 50 51 49 
